EUCLIDEAN
25
96.33995349145991 -60.620068263498574
-15.350707060984732 54.794431036572945
44.230658849707396 -5.203922284150892
38.62779934029018 -71.5460262784972
-11.564066804286853 -10.635049265986723
-22.592920553721868 -8.41024770943936
26.194924012633763 37.75780826631424
-60.2712201885367 -48.903163083249446
-44.41588841983965 -41.392827693130215
13.072291152599604 25.217507727492844
-90.74809979817007 -81.95584957981627
0.7786017917201065 -1.4589036948064518
-38.81898446321057 91.80333686301378
-40.6418814373944 -35.99085870838013
-40.26326358681871 -1.9066362588171302
17.8059130369721 94.70701878405995
-76.22849138862186 -26.07599068858228
-64.22609152830401 43.560256591955095
-89.79111228097771 33.891345102768156
14.888712537559343 17.306816277451503
1.3303945902042926 -34.11445238380128
98.29231170803496 -82.25759038651923
72.62151261478024 -83.4203536236256
82.43513223858042 -45.959622375903784
33.208080780658236 92.3562906250005
0.0 160.60918499054662 76.06791585987715 58.73729050027665 118.91921510069999 129.88800518498286 120.82438392601257 157.04886369671388 142.0629924086832 119.58926809453965 188.3007043217873 112.3922387525279 203.71753223371664 139.17837857866368 148.68660334375676 174.05200223147952 175.99193579204604 191.40270348215228 208.75148119731475 112.72490402386215 98.63753826902425 21.725424420020804 32.9001132235707 20.205759765414022 165.49138869063773
160.60918499054662 0.0 84.556144454334 137.3884649739327 65.53896197756482 63.61824480179411 44.90307313226247 113.00904178817724 100.48270253808853 41.02025377640446 156.15827253215426 58.520015998515916 43.82258726613698 94.24230650516276 61.932596466555694 51.88811151912435 101.22316797377347 50.1498742000454 77.31955076740155 48.163718274081695 90.4602050813229 178.03929985003728 163.83662024512745 140.40459268330432 61.3909535061188
76.06791585987715 84.556144454334 0.0 66.57827571422173 56.05843871441042 66.90045804790329 46.59396981374307 113.27076572947409 95.74887580286305 43.54661044790408 155.2743495549766 43.61314511480591 127.70141573862078 90.28390526098907 84.55823451233209 103.34632715487848 122.25403926095711 118.9151455619474 139.60757525671895 36.9822006372497 51.73249872351026 94.12720158277443 83.20967917852174 55.86241023165769 98.18091652743539
58.73729050027665 137.3884649739327 66.57827571422173 0.0 78.92636155109216 87.94374952128312 110.00865709166966 101.45794851780705 88.34856796649574 100.08129451630565 129.79402027462487 79.65404262893364 180.7789223340028 86.87837608712033 105.23043500851914 167.55186045460957 123.52931496836082 154.36443639342988 166.15792531739766 91.96940726404513 52.84145271778408 60.61841008902358 36.00794623534514 50.73210502559764 163.99189868892978
118.91921510069999 65.53896197756482 56.05843871441042 78.92636155109216 0.0 11.25101582046894 61.380860597207935 61.942193421994794 45.00314563709248 43.501218101916905 106.56813613168589 15.379958244883102 106.00213907893047 38.580258893847905 29.997151357857536 109.35971386638053 66.48240728823812 75.56732114524675 90.01150170669382 38.47723203345045 26.787114540817242 131.14195475287414 111.28752092017406 100.41750288718822 112.30209834152235
129.88800518498286 63.61824480179411 66.90045804790329 87.94374952128312 11.25101582046894 0.0 67.16951071737232 55.31121458476059 39.54860944288907 49.01870318340596 100.27005541196658 24.383380412757916 101.51870607358543 32.961418234888406 18.82917907950261 110.74852777612865 56.469929465076476 66.59019629600178 79.40416693009783 45.4559148988915 35.11454321811827 141.65687205160557 121.21181573120911 111.53854675037306 115.1852724866579
120.82438392601257 44.90307313226247 46.59396981374307 110.00865709166966 61.380860597207935 67.16951071737232 0.0 122.4194349287216 106.06936412159 18.151105497550624 167.3530122014977 46.73264311248419 84.54423372768915 99.52901307312 77.39482449422081 57.56377405751199 120.68682575771192 90.60700004980984 116.05046381853896 23.368215405709364 76.05173682669584 140.00617567200214 129.76738823085492 100.8541978037227 55.04705844751981
157.04886369671388 113.00904178817724 113.27076572947409 101.45794851780705 61.942193421994794 55.31121458476059 122.4194349287216 0.0 17.54413529267063 104.27437123896655 44.959095580098335 77.31777617559179 142.33241916282716 23.495500507041044 51.078291484111105 163.46229861553866 27.851648132362328 92.5479604602236 87.89968495343938 100.16375020103693 63.3519132110497 162.03367387134134 137.30227556284137 142.7367067538983 169.38893993305032
142.0629924086832 100.48270253808853 95.74887580286305 88.34856796649574 45.00314563709248 39.54860944288907 106.06936412159 17.54413529267063 0.0 87.98765581262484 61.57948161348927 60.30970263056077 133.31370367057966 6.589719084737024 39.703949513757976 149.64865782106313 35.3078915183739 87.2322800157569 87.90118095913772 83.44269828444776 46.32167048346253 148.4437914286903 124.35459853490303 126.93319918664906 154.64251435267462
119.58926809453965 41.02025377640446 43.54661044790408 100.08129451630565 43.501218101916905 49.01870318340596 18.151105497550624 104.27437123896655 87.98765581262484 0.0 149.21394738324835 29.37287395665569 84.41787208109882 81.43510581300772 59.83644864421319 69.6505514911761 102.98374989402176 79.44492684236137 103.22846129218244 8.116552585026247 60.48267210970583 137.16176077203642 123.8882346944078 99.38504703060153 70.09326781442067
188.3007043217873 156.15827253215426 155.2743495549766 129.79402027462487 106.56813613168589 100.27005541196658 167.3530122014977 44.959095580098335 61.57948161348927 149.21394738324835 0.0 121.8888649579567 181.3529373700512 67.99568739434098 94.63929015265172 207.3493254417879 57.735410781173506 128.28760591417327 115.85114734404956 144.9559000301323 103.76535266887865 189.04065232100146 163.37617645192933 176.88459580079507 213.8921619098624
112.3922387525279 58.520015998515916 43.61314511480591 79.65404262893364 15.379958244883102 24.383380412757916 46.73264311248419 77.31777617559179 60.30970263056077 29.37287395665569 121.8888649579567 0.0 101.32035506788063 53.92691672989318 41.04430750054115 97.66173239531453 80.84610919608313 79.07170762387464 97.22403610867357 23.478659913569363 32.66021027905012 126.63866468321895 108.99120657174367 92.99517690586534 99.26208638124184
203.71753223371664 43.82258726613698 127.70141573862078 180.7789223340028 106.00213907893047 101.51870607358543 84.54423372768915 142.33241916282716 133.31370367057966 84.41787208109882 181.3529373700512 101.32035506788063 0.0 127.80719610068192 93.72110223786936 56.699297928676366 123.67298440815145 54.524452160997754 77.14892483962137 91.83816361666653 132.16377070581834 221.5777830305336 207.65915847067106 183.52436828768876 72.02918773321984
139.17837857866368 94.24230650516276 90.28390526098907 86.87837608712033 38.580258893847905 32.961418234888406 99.52901307312 23.495500507041044 6.589719084737024 81.43510581300772 67.99568739434098 53.92691672989318 127.80719610068192 0.0 34.08632528548757 143.1715050558129 36.94200069935048 82.97345907661915 85.43517602263547 76.9694031814364 42.01419826239525 146.43537989553067 122.7931326261102 123.48006942197205 148.07703286334754
148.68660334375676 61.932596466555694 84.55823451233209 105.23043500851914 29.997151357857536 18.82917907950261 77.39482449422081 51.078291484111105 39.703949513757976 59.83644864421319 94.63929015265172 41.04430750054115 93.72110223786936 34.08632528548757 0.0 112.72190388078558 43.33192015578357 51.395091871275326 61.11058227374302 58.40288716140165 52.605853477420375 160.16842158965028 139.23885526933552 130.36702774842476 119.51375581023439
174.05200223147952 51.88811151912435 103.34632715487848 167.55186045460957 109.35971386638053 110.74852777612865 57.56377405751199 163.46229861553866 149.64865782106313 69.6505514911761 207.3493254417879 97.66173239531453 56.699297928676366 143.1715050558129 112.72190388078558 0.0 153.07189354334304 96.67078698207234 123.59476535266735 77.45515739327996 129.87075938001553 194.40816153117933 186.3708956836901 154.80322964924065 15.580522907862903
175.99193579204604 101.22316797377347 122.25403926095711 123.52931496836082 66.48240728823812 56.469929465076476 120.68682575771192 27.851648132362328 35.3078915183739 102.98374989402176 57.735410781173506 80.84610919608313 123.67298440815145 36.94200069935048 43.33192015578357 153.07189354334304 0.0 70.6630351578752 61.48191642574544 100.91785169917878 77.97433975803872 183.34089248752252 159.51394814322285 159.90467245078102 161.25311961416952
191.40270348215228 50.1498742000454 118.9151455619474 154.36443639342988 75.56732114524675 66.59019629600178 90.60700004980984 92.5479604602236 87.2322800157569 79.44492684236137 128.28760591417327 79.07170762387464 54.524452160997754 82.97345907661915 51.395091871275326 96.67078698207234 70.6630351578752 0.0 27.332364249555294 83.3570354003017 101.64159230686334 205.52946749502382 186.68514169698543 171.8235236724595 108.97004575059455
208.75148119731475 77.31955076740155 139.60757525671895 166.15792531739766 90.01150170669382 79.40416693009783 116.05046381853896 87.89968495343938 87.90118095913772 103.22846129218244 115.85114734404956 97.22403610867357 77.14892483962137 85.43517602263547 61.11058227374302 123.59476535266735 61.48191642574544 27.332364249555294 0.0 105.98543447284332 113.70100046287703 221.05643983997695 200.34943320010257 189.83692029895172 136.1871923079817
112.72490402386215 48.163718274081695 36.9822006372497 91.96940726404513 38.47723203345045 45.4559148988915 23.368215405709364 100.16375020103693 83.44269828444776 8.116552585026247 144.9559000301323 23.478659913569363 91.83816361666653 76.9694031814364 58.40288716140165 77.45515739327996 100.91785169917878 83.3570354003017 105.98543447284332 0.0 53.17870679411364 129.88160542947526 116.09926339575463 92.54815543437512 77.25297957146815
98.63753826902425 90.4602050813229 51.73249872351026 52.84145271778408 26.787114540817242 35.11454321811827 76.05173682669584 63.3519132110497 46.32167048346253 60.48267210970583 103.76535266887865 32.66021027905012 132.16377070581834 42.01419826239525 52.605853477420375 129.87075938001553 77.97433975803872 101.64159230686334 113.70100046287703 53.17870679411364 0.0 108.25606268433103 86.6804211241808 81.96515431055886 130.42636126970436
21.725424420020804 178.03929985003728 94.12720158277443 60.61841008902358 131.14195475287414 141.65687205160557 140.00617567200214 162.03367387134134 148.4437914286903 137.16176077203642 189.04065232100146 126.63866468321895 221.5777830305336 146.43537989553067 160.16842158965028 194.40816153117933 183.34089248752252 205.52946749502382 221.05643983997695 129.88160542947526 108.25606268433103 0.0 25.697119380035833 39.61051151432095 186.34903959321406
32.9001132235707 163.83662024512745 83.20967917852174 36.00794623534514 111.28752092017406 121.21181573120911 129.76738823085492 137.30227556284137 124.35459853490303 123.8882346944078 163.37617645192933 108.99120657174367 207.65915847067106 122.7931326261102 139.23885526933552 186.3708956836901 159.51394814322285 186.68514169698543 200.34943320010257 116.09926339575463 86.6804211241808 25.697119380035833 0.0 38.724843650228955 180.14118705129886
20.205759765414022 140.40459268330432 55.86241023165769 50.73210502559764 100.41750288718822 111.53854675037306 100.8541978037227 142.7367067538983 126.93319918664906 99.38504703060153 176.88459580079507 92.99517690586534 183.52436828768876 123.48006942197205 130.36702774842476 154.80322964924065 159.90467245078102 171.8235236724595 189.83692029895172 92.54815543437512 81.96515431055886 39.61051151432095 38.724843650228955 0.0 146.81483026082427
165.49138869063773 61.3909535061188 98.18091652743539 163.99189868892978 112.30209834152235 115.1852724866579 55.04705844751981 169.38893993305032 154.64251435267462 70.09326781442067 213.8921619098624 99.26208638124184 72.02918773321984 148.07703286334754 119.51375581023439 15.580522907862903 161.25311961416952 108.97004575059455 136.1871923079817 77.25297957146815 130.42636126970436 186.34903959321406 180.14118705129886 146.81483026082427 0.0