EUCLIDEAN
50
-3.55938137965 -30.7785298605
-62.4398003144 88.9112402382
51.3732963813 28.4349143048
58.5001169902 45.9716659198
-68.2437731903 -48.8617637547
-28.8799526276 33.4405417191
-98.073320295 47.4409557441
-41.4860727574 -93.5736226799
67.0723433664 -29.8299796205
16.1761257874 18.4384301073
-34.2058722621 -31.0273204424
27.5380293374 -98.2519234757
4.41851053201 -96.1739197859
74.8858661593 -82.540464738
74.2461384034 35.7080717855
53.2359235469 -69.4231814536
-75.0213610558 46.4919265967
2.45557397586 6.26898871604
-4.38821666499 33.4822256551
11.9073395252 -86.4012042357
-25.6107352055 -90.6213700491
32.0127580458 -80.2259237647
96.041190859 99.1651198229
-14.1473327398 95.9655766478
73.2682767433 -63.4361663233
-37.1266410458 -36.4634133967
-87.0892990539 -28.4764430563
80.7775458957 -94.2790977827
-43.2873431366 -9.3783669017
-85.3947669718 15.4682158277
43.5207758503 6.9653641686
-5.37562361621 0.130567287139
-29.0133933027 27.1370199308
0.818474291614 -95.0937384947
-89.3662160961 35.9675817911
-51.6271763991 -39.8206303844
-52.643366818 25.800014566
-21.7888536834 -30.6610814068
9.26606397006 73.492397053
-8.15781291043 38.6029575398
47.10556319 -84.2928622807
43.4815350301 5.97332584711
38.957348492 -51.4334995932
-47.5667224846 12.0986759621
-40.103316498 21.1498994048
-14.098502186 -80.6670541027
26.5594778648 -10.9658360363
99.5482562868 89.5485417969
-73.0979593729 -24.3844018469
60.9365638108 -53.7254450661
0.0 133.388698173 80.7702362006 98.7014381366 67.1645285251 69.0305764344 122.68322044 73.3597819045 70.6380937467 53.0264027783 30.6475007164 74.2947360131 65.8802230024 93.9838005388 102.343378424 68.6958205312 105.249883517 37.5326300785 64.2661004524 57.7330179377 63.7763884788 60.9132322835 163.724237923 127.185585852 83.480598177 34.045246692 83.5616344403 105.570068811 45.1251362328 93.9988926625 60.3418821489 30.9624130575 63.2622923281 64.4640340185 108.709964146 48.9108628008 74.9023985993 18.229850647 105.056738231 69.5337066927 73.6934215696 59.6954496978 47.268383658 61.4418493396 63.498196509 50.9895863725 36.0511930282 158.460686351 69.8319318247 68.4564669221
133.388698173 0.0 128.882919651 128.336552238 137.895201985 64.8325672094 54.6766151314 183.683923882 175.706780331 105.578789558 123.21693484 207.668147967 196.79062526 219.667989957 146.675229594 196.088404 44.2458341599 105.076883 80.2643259603 190.425708321 183.271214852 193.723168536 158.8123629 48.8049801417 204.025524052 127.904494863 119.947763536 232.529370617 100.138221912 76.946788944 133.950626374 105.538278136 70.2380166313 194.575027957 59.397498572 129.185166911 63.8670252563 126.293466045 73.3448818798 74.0098470785 204.938643976 134.528907394 173.141640816 78.2392387157 71.3478648652 176.33399847 133.777060371 161.989310248 113.795864907 188.592023212
80.7702362006 128.882919651 0.0 18.929586081 142.418467103 80.4092052087 150.650326409 153.326271506 60.3428366947 36.5892130842 104.209171702 128.90956063 133.16198199 113.438863231 24.0013691674 97.8758207394 127.677974301 53.7054170689 55.9894783783 121.428562834 141.777783745 110.372134955 83.653946528 94.0922058244 94.4440872729 109.745304515 149.702347782 126.187711969 101.933708407 137.381361264 22.8605262787 63.4158969106 80.3971666675 133.473286087 140.94095023 123.563411954 104.050030849 94.0480563926 61.6700557235 60.3932287325 112.80853319 23.8076217474 80.8277136913 100.279609175 91.766236416 127.23912888 46.5633409112 77.8183926019 135.214546805 82.7150574918
98.7014381366 128.336552238 18.929586081 0.0 158.295271824 88.2740371805 156.580331063 171.668650926 76.284811933 50.491576581 120.512424024 147.50964243 152.086119329 129.552539543 18.7957057568 115.514858494 133.522491629 68.6825551274 64.1165238301 140.333401815 160.412882688 128.947321903 65.106649164 88.1875448243 110.4000557 126.253788673 163.520026279 142.009015762 115.863338345 147.092481446 41.7836359989 78.6226211842 89.5173635298 152.402822241 148.204366196 139.600640595 112.959149746 110.990525608 56.403746497 67.0639805099 130.76193316 42.724992834 99.3462936862 111.344303334 101.67967933 145.972342981 65.2846349208 59.8656316339 149.224763274 99.7268780823
67.1645285251 137.895201985 142.418467103 158.295271824 0.0 91.2314630794 100.816742971 52.1068600187 136.647942565 107.963120728 38.4271527421 107.76614298 86.707828851 147.038595478 165.69680742 123.207502276 95.5942569453 89.6537648831 104.202037845 88.5065560349 59.6778069777 105.048001355 221.136852818 154.6007225 142.260583039 33.4961938808 27.7617568798 155.788599623 46.709335556 66.5770445482 124.931911994 79.7035302342 85.5268251943 83.1082999201 87.4195370615 18.9170130185 76.2742015429 49.8931296305 144.838929586 106.115032365 120.668273155 124.45654482 107.231964988 64.3716990327 75.4554059112 62.7955959145 102.096805769 217.512247561 24.9540451523 129.271864161
69.0305764344 64.8325672094 80.4092052087 88.2740371805 91.2314630794 0.0 70.5955644643 127.638208318 114.934772707 47.4880359138 64.6874846599 143.268608139 133.823377181 155.624352231 103.151017173 131.620525241 47.9517280082 41.4753965636 24.4917714347 126.592445567 124.104978684 128.949554434 141.155985551 64.2372950987 140.78123925 70.3887122392 84.9825924237 168.336191286 45.1777803434 59.3036991958 77.089561618 40.7677308533 6.30493404793 131.920649451 60.5390287328 76.7113780823 24.9615205699 64.4926489734 55.3106653183 21.3555054157 140.124776651 77.3991785731 108.653128403 28.3667164416 16.6440315148 115.06100426 71.0313792536 140.149607626 72.793929822 125.15956167
122.68322044 54.6766151314 150.650326409 156.580331063 100.816742971 70.5955644643 0.0 151.944818641 182.329064272 117.873162439 101.17470675 192.365865506 176.436413078 216.356303004 172.718431014 191.185025133 23.0714863216 108.633279672 94.7192946968 173.23241418 155.923160695 182.266891951 200.887611839 96.9443666283 204.087429974 103.703620344 76.7078885333 228.193352026 78.9299608458 34.3947933869 147.265615731 104.072742952 71.9827988181 173.481198112 14.4031931666 98.852560394 50.3210791617 109.175308808 110.455515972 90.3488167077 196.037514321 147.503699599 168.977992965 61.6440845708 63.6532872966 153.177779927 137.639702496 202.057754946 76.043741664 188.464277507
73.3597819045 183.683923882 153.326271506 171.668650926 52.1068600187 127.638208318 151.944818641 0.0 125.889561687 125.982654007 62.9685734541 69.1824628669 45.9781721256 116.89379257 173.515708868 97.752239848 144.024212046 109.084441457 132.36101965 53.8729993737 16.1475118202 74.7009986263 236.774092965 191.50069135 118.645804835 57.2763533164 79.4814257774 122.265653972 84.214521732 117.550397587 131.659607271 100.421311257 121.353314632 42.3318491577 138.106595722 54.7012446275 119.893913441 65.9239583816 174.604794699 136.313686998 89.0764305157 130.878146893 90.8126312584 105.847101998 114.731854924 30.2763692382 107.024498941 231.137208367 76.0687823938 109.901199906
70.6380937467 175.706780331 60.3428366947 76.284811933 136.647942565 114.934772707 182.329064272 125.889561687 0.0 70.1445959536 101.285293039 79.0223030965 91.2525132011 53.2864558754 65.929504149 41.9412463432 161.293689291 74.0166359776 95.4727551548 79.0157016249 110.84108536 61.3915768575 132.207903718 149.736961915 34.1725822132 104.409917135 154.16758432 65.8902224025 112.238713766 159.053909873 43.6872253299 78.3986115369 111.703660769 92.9996418798 169.712527453 119.11922219 132.009649337 88.8650835329 118.393747551 101.698787121 58.007567595 42.8766010823 35.4565228414 122.066078737 118.682644615 95.7763765738 44.6894639073 123.717081665 140.276042457 24.6706517875
53.0264027783 105.578789558 36.5892130842 50.491576581 107.963120728 47.4880359138 117.873162439 125.982654007 70.1445959536 0.0 70.6059926983 117.242191517 115.213854482 116.805696859 60.5835529571 95.3577023425 95.4147801539 18.3398158603 25.4795597486 104.926505066 116.791188716 99.9272417625 113.557153237 83.2464448956 99.8146444237 76.5205682952 113.4228958 129.917606865 65.6481403569 101.614312126 29.6540238264 28.2781849382 46.0191058205 114.566185094 106.988116579 89.3946638048 69.2121050699 62.0653018775 55.4859282231 31.6029862375 107.286292385 30.016065667 73.4919768953 64.0573429706 56.344721933 103.626493231 31.1837276124 109.579013176 99.0134193824 84.9183236533
30.6475007164 123.21693484 104.209171702 120.512424024 38.4271527421 64.6874846599 101.17470675 62.9685734541 101.285293039 70.6059926983 0.0 91.2768132535 75.7358722947 120.642494284 127.339904167 95.5003130733 87.607863728 52.2979571026 71.0673914184 72.0603587813 60.2106894957 82.4949063199 184.158542984 128.567262237 112.254291659 6.17106124548 52.9449129255 131.232518028 23.4765905244 69.1530030776 86.5151773433 42.4499376295 58.3956533382 73.0151407146 86.7812218003 19.5147159234 59.7435118624 12.4224185011 113.199737566 74.3429687857 97.204770884 86.048713399 75.9557043193 45.148243427 52.509447907 53.5575343836 63.9913348245 180.079719732 39.4553267291 97.8125145537
74.2947360131 207.668147967 128.90956063 147.50964243 107.76614298 143.268608139 192.365865506 69.1824628669 79.0223030965 117.242191517 91.2768132535 0.0 23.2127174008 49.8865471583 141.86940397 38.6196599335 177.395633237 107.488374499 135.547671433 19.6152494379 53.6937288521 18.5730951269 208.9645236 198.640647315 57.4751465757 89.4390271278 134.194046373 53.3875403755 113.643048376 160.268794734 106.424272632 103.742098684 137.551628603 26.9055524794 177.992916136 98.3938301503 147.708969333 83.675942302 172.713567366 141.433559001 24.0363010988 105.437649681 48.1909292792 133.484001073 137.230269888 45.1976591005 87.2915724653 201.133009578 124.835944244 55.6603034893
65.8802230024 196.79062526 133.16198199 152.086119329 86.707828851 133.823377181 176.436413078 45.9781721256 91.2525132011 115.213854482 75.7358722947 23.2127174008 0.0 71.7740851955 149.227200319 55.6663436449 163.291876473 102.461712958 129.954894077 12.3121293412 30.5382777534 31.8713205396 215.7592546 193.03439234 76.2368074432 72.7416262733 113.827182917 76.382541409 99.0419934912 143.284302212 110.302760834 96.8012360154 127.762592522 3.75859715239 162.039968488 79.4783759897 134.661421751 70.5603141404 169.735552681 135.36236764 44.3096376882 109.361691983 56.521115759 120.105867641 125.487336539 24.1524873111 88.0377190226 208.668400252 105.652912844 70.6835437174
93.9838005388 219.667989957 113.438863231 129.552539543 147.038595478 155.624352231 216.356303004 116.89379257 53.2864558754 116.805696859 120.642494284 49.8865471583 71.7740851955 0.0 118.250266983 25.3136946312 197.791644881 114.600463562 140.519197598 63.0967521072 100.820969627 42.9355388837 182.932958276 199.477611068 19.1726579648 121.119347879 170.75969251 13.1342070897 138.987769085 187.871186783 94.8423022619 115.223288779 151.076824033 75.1236528671 202.541115869 133.531023304 167.336083137 109.715413099 169.269644054 146.874032404 27.8355192195 93.9197696836 47.5236957979 154.761763424 154.836054407 89.0040868568 86.3618392543 173.8472308 159.001070028 32.0138781578
102.343378424 146.675229594 24.0013691674 18.7957057568 165.69680742 103.151017173 172.718431014 173.515708868 65.929504149 60.5835529571 127.339904167 141.86940397 149.227200319 118.250266983 0.0 107.210118627 149.656533166 77.5921694038 78.6658514733 137.101426455 161.02957207 123.386991781 67.0956128012 106.978374604 99.1490603264 132.712543777 173.634026979 130.151156492 125.884495616 160.918831832 42.0736395522 87.208851692 103.614640945 150.002451412 163.612560307 146.794673714 127.275748409 116.737244274 75.1669163214 82.4547849167 123.03184547 42.7856978059 94.0157016448 124.079718926 115.272452127 146.109361255 66.7268406617 59.4894392345 159.126957291 90.4184644433
68.6958205312 196.088404 97.8758207394 115.514858494 123.207502276 131.620525241 191.185025133 97.752239848 41.9412463432 95.3577023425 95.5003130733 38.6196599335 55.6663436449 25.3136946312 107.210118627 0.0 172.876381637 91.1479485647 117.940935842 44.6800303808 81.6465479745 23.8143233229 173.93765043 178.58875814 20.9078818811 96.185962542 146.177301533 37.0992929604 113.675506446 162.557736469 77.0038570271 90.9562390644 126.841722685 58.3657989342 177.32056623 108.961372789 142.40042552 84.4465369242 149.526623486 124.253119003 16.0838032196 76.024873617 22.9675065916 129.641762883 130.060357943 68.2667529689 64.2564703938 165.580315729 134.122114664 17.4848159317
105.249883517 44.2458341599 127.677974301 133.522491629 95.5942569453 47.9517280082 23.0714863216 144.024212046 161.293689291 95.4147801539 87.607863728 177.395633237 163.291876473 197.791644881 149.656533166 172.876381637 0.0 87.295820024 71.8212601193 158.799191456 145.744523273 165.872590418 178.988440834 78.4429051782 184.591446962 91.2008675291 75.9334680885 209.975666952 64.2536970835 32.7120494646 124.958342497 83.6654312159 49.913380058 160.618122218 17.7914782892 89.4267598002 30.4783505065 93.7351934182 88.5064710762 67.3273339987 178.940343767 125.238545933 150.268211291 44.0074183325 43.1449670059 141.00000392 116.705018412 179.801066214 70.9024217335 168.902572263
37.5326300785 105.076883 53.7054170689 68.6825551274 89.6537648831 41.4753965636 108.633279672 109.084441457 74.0166359776 18.3398158603 52.2979571026 107.488374499 102.461712958 114.600463562 77.5921694038 91.1479485647 87.295820024 0.0 28.0606082442 93.1509556242 100.873481811 91.4056727736 131.863409868 91.2202521264 99.3642164578 58.2478320313 96.0496190256 127.452928503 48.3451569838 88.3306752158 41.0711059476 9.95027001467 37.7593780188 101.375946669 96.50516858 71.057701039 58.4581409844 44.1771700294 67.5675173615 34.0313020776 100.970641242 41.0270264211 68.2785229769 50.3608518252 45.085481713 88.4980959036 29.6316953097 127.915882203 81.5350645703 83.7816104937
64.2661004524 80.2643259603 55.9894783783 64.1165238301 104.202037845 24.4917714347 94.7192946968 132.36101965 95.4727551548 25.4795597486 71.0673914184 135.547671433 129.954894077 140.519197598 78.6658514733 117.940935842 71.8212601193 28.0606082442 0.0 120.985874853 125.905114113 119.39252156 120.001285334 63.2408847016 124.192212607 77.2282128066 103.336081098 153.545312137 57.8806741026 82.9853345036 54.7577894635 33.3662717183 25.4295292942 128.681343589 85.0143363348 87.20566507 48.8628272156 66.4616130521 42.2759174347 6.35859661318 128.540190999 55.2109834724 95.3389658703 48.1833950888 37.7843172073 114.56154553 54.1607790272 118.09412439 89.8308149881 108.961024118
57.7330179377 190.425708321 121.428562834 140.333401815 88.5065560349 126.592445567 173.23241418 53.8729993737 79.0157016249 104.926505066 72.0603587813 19.6152494379 12.3121293412 63.0967521072 137.101426455 44.6800303808 158.799191456 93.1509556242 120.985874853 0.0 37.7546782663 21.0324022114 203.748289723 184.218589498 65.5176127664 69.986528736 114.697918062 69.3193085097 94.7574296038 140.872561817 98.5734520643 88.2408539047 120.687342841 14.0898220007 158.840967203 78.780610394 129.44461051 65.1336681734 159.91541536 126.604307997 35.2613110215 97.6216350498 44.2090867703 115.062550167 119.466933644 26.6305140929 76.8451685749 196.568673546 105.223498418 58.9200311554
63.7763884788 183.271214852 141.777783745 160.412882688 59.6778069777 124.104978684 155.923160695 16.1475118202 110.84108536 116.791188716 60.2106894957 53.6937288521 30.5382777534 100.820969627 161.02957207 81.6465479745 145.744523273 100.873481811 125.905114113 37.7546782663 0.0 58.5536700637 225.428709026 186.938755409 102.548009759 55.3687669728 87.4162785973 106.451140566 83.1437792523 121.774918131 119.592376497 92.9805026407 117.807540051 26.8049471956 141.737518221 57.0751291095 119.518626028 60.081968946 167.778781952 130.397589462 72.9911642798 118.761429267 75.5296406931 105.040340964 112.706927861 15.2190641978 95.2194057462 219.376321161 81.5007510134 94.0837087246
60.9132322835 193.723168536 110.372134955 128.947321903 105.048001355 128.949554434 182.266891951 74.7009986263 61.3915768575 99.9272417625 82.4949063199 18.5730951269 31.8713205396 42.9355388837 123.386991781 23.8143233229 165.872590418 91.4056727736 119.39252156 21.0324022114 58.5536700637 0.0 190.475160396 182.137856578 44.541147021 81.8255083728 129.858803163 50.7493471291 103.389948987 151.465822162 87.9474568436 88.6287579597 123.494910127 34.55626215 168.029122765 92.8882466575 135.676671082 73.1524915681 155.392194934 125.435153777 15.6311469833 86.9588608433 29.6180861323 121.888167745 124.40974934 46.1133702535 69.4744414651 182.714018837 119.023268676 39.2283304665
163.724237923 158.8123629 83.653946528 65.106649164 221.136852818 141.155985551 200.887611839 236.774092965 132.207903718 113.557153237 184.158542984 208.9645236 215.7592546 182.932958276 67.0956128012 173.93765043 178.988440834 131.863409868 120.001285334 203.748289723 225.428709026 190.475160396 0.0 110.234966365 164.188257417 190.075696704 223.224427225 194.045469369 176.618597253 199.810356419 106.109325393 141.750530349 144.314573741 216.342020387 195.882197678 202.788030834 165.799687457 175.324732775 90.4931563215 120.520570389 189.872396237 106.99171877 161.054367309 167.939865492 156.913038019 210.879972408 130.217264136 10.2361164923 209.457719948 156.868925133
127.185585852 48.8049801417 94.0922058244 88.1875448243 154.6007225 64.2372950987 96.9443666283 191.50069135 149.736961915 83.2464448956 128.567262237 198.640647315 193.03439234 199.477611068 106.978374604 178.58875814 78.4429051782 91.2202521264 63.2408847016 184.218589498 186.938755409 182.137856578 110.234966365 0.0 181.797701975 134.407909047 144.244052625 212.611779385 109.299984668 107.498939454 106.050217207 96.235606197 70.4156941058 191.644559753 96.2166295408 140.863880043 80.032185663 126.857019405 32.4535197874 57.6744693839 190.381254499 106.862957121 156.673529498 90.2801896406 79.1902686836 176.6326375 114.41753121 113.876535337 134.012289377 167.466395145
83.480598177 204.025524052 94.4440872729 110.4000557 142.260583039 140.78123925 204.087429974 118.645804835 34.1725822132 99.8146444237 112.254291659 57.4751465757 76.2368074432 19.1726579648 99.1490603264 20.9078818811 184.591446962 99.3642164578 124.192212607 65.5176127664 102.548009759 44.541147021 164.188257417 181.797701975 0.0 113.64227767 164.124143155 31.7439056232 128.481353526 177.200064796 76.428327896 101.12167268 136.620064762 79.0643772572 190.607144148 127.108488125 154.327048712 100.548815191 151.147989428 130.545742462 33.4587708491 75.5309710333 36.3497428615 142.501261179 141.449357261 89.0497476366 70.2484694004 155.225507709 151.486353787 15.6961540252
34.045246692 127.904494863 109.745304515 126.253788673 33.4961938808 70.3887122392 103.703620344 57.2763533164 104.409917135 76.5205682952 6.17106124548 89.4390271278 72.7416262733 121.119347879 132.712543777 96.185962542 91.2008675291 58.2478320313 77.2282128066 69.986528736 55.3687669728 81.8255083728 190.075696704 134.407909047 113.64227767 0.0 50.5970245218 131.31660466 27.7768607637 70.8992672339 91.5972956633 48.4483903768 64.1158319636 69.838003974 89.3040999357 14.8840999538 64.1677741577 16.3986212133 119.342211017 80.4621218283 96.8644434815 91.0964043633 77.5427426954 49.6716400306 57.6901586816 49.8423216857 68.6006428041 185.900619721 37.9452007796 99.5709289105
83.5616344403 119.947763536 149.702347782 163.520026279 27.7617568798 84.9825924237 76.7078885333 79.4814257774 154.16758432 113.4228958 52.9449129255 134.194046373 113.827182917 170.75969251 173.634026979 146.177301533 75.9334680885 96.0496190256 103.336081098 114.697918062 87.4162785973 129.858803163 223.224427225 144.244052625 164.124143155 50.5970245218 0.0 180.303263982 47.7843892394 43.9773178287 135.333341664 86.5764736769 80.4093781486 110.297963109 64.4842359786 37.2324150347 64.284182344 65.3369788888 140.292552677 103.584870947 145.340062294 135.038991743 128.120192797 56.6425135568 68.340737652 89.7302418855 114.989851088 220.824532408 14.5774616216 150.163804491
105.570068811 232.529370617 126.187711969 142.009015762 155.788599623 168.336191286 228.193352026 122.265653972 65.8902224025 129.917606865 131.232518028 53.3875403755 76.382541409 13.1342070897 130.151156492 37.0992929604 209.975666952 127.452928503 153.545312137 69.3193085097 106.451140566 50.7493471291 194.045469369 212.611779385 31.7439056232 131.31660466 180.303263982 0.0 150.333731394 199.142437487 107.881916881 127.810615661 163.694605808 79.9632213663 214.273417121 143.166808854 179.499674573 120.694317721 182.376441808 159.897275376 35.1216075776 106.965138574 59.872148743 166.698776159 167.140767872 95.8475468269 99.4017026203 184.783496671 169.005738487 45.1471296845
45.1251362328 100.138221912 101.933708407 115.863338345 46.709335556 45.1777803434 78.9299608458 84.214521732 112.238713766 65.6481403569 23.4765905244 113.643048376 99.0419934912 138.987769085 125.884495616 113.675506446 64.2536970835 48.3451569838 57.8806741026 94.7574296038 83.1437792523 103.389948987 176.618597253 109.299984668 128.481353526 27.7768607637 47.7843892394 150.333731394 0.0 48.8915924814 88.3332727083 39.0860372308 39.2061107404 96.3973446643 64.6491886729 31.5639703585 36.4012870901 30.2512641964 98.1296291492 59.4667250576 117.40127398 88.1164722885 92.3732834037 21.8992341824 30.6938604499 77.0328849186 69.8648585646 173.748501367 33.3744501851 113.266438635
93.9988926625 76.946788944 137.381361264 147.092481446 66.5770445482 59.3036991958 34.3947933869 117.550397587 159.053909873 101.614312126 69.1530030776 160.268794734 143.284302212 187.871186783 160.918831832 162.557736469 32.7120494646 88.3306752158 82.9853345036 140.872561817 121.774918131 151.465822162 199.810356419 107.498939454 177.200064796 70.8992672339 43.9773178287 199.142437487 48.8915924814 0.0 129.195648795 81.4758047896 57.5762128488 140.202242182 20.8805271257 64.7850807559 34.3423976625 78.5724141707 111.029178694 80.6273114197 165.857198211 129.225594034 141.206544277 37.9778191664 45.6464348476 119.687708212 115.032656385 199.228051609 41.7066255245 161.866059063
60.3418821489 133.950626374 22.8605262787 41.7836359989 124.931911994 77.089561618 147.265615731 131.659607271 43.6872253299 29.6540238264 86.5151773433 106.424272632 110.302760834 94.8423022619 42.0736395522 77.0038570271 124.958342497 41.0711059476 54.7577894635 98.5734520643 119.592376497 87.9474568436 106.109325393 106.050217207 76.428327896 91.5972956633 135.333341664 107.881916881 88.3332727083 129.195648795 0.0 49.3717766462 75.2867942664 110.632486164 136.015003789 106.028590972 97.9912567055 75.3730529862 74.8280120703 60.5938433393 91.3286077576 0.992814118193 58.5768909889 91.2320296984 84.8185702599 104.878128957 24.6822521287 99.7950890137 120.759004775 63.1401931882
30.9624130575 105.538278136 63.4158969106 78.6226211842 79.7035302342 40.7677308533 104.072742952 100.421311257 78.3986115369 28.2781849382 42.4499376295 103.742098684 96.8012360154 115.223288779 87.208851692 90.9562390644 83.6654312159 9.95027001467 33.3662717183 88.2408539047 92.9805026407 88.6287579597 141.750530349 96.235606197 101.12167268 48.4483903768 86.5764736769 127.810615661 39.0860372308 81.4758047896 49.3717766462 0.0 35.8900075251 95.425548259 91.3165441401 61.1171361422 53.7881034337 34.8929756617 74.8086698315 38.572858191 99.4061890859 49.2052820191 68.0019515101 43.855723104 40.5934104943 81.2671165528 33.8080001378 137.857153385 72.0229024129 85.4270230545
63.2622923281 70.2380166313 80.3971666675 89.5173635298 85.5268251943 6.30493404793 71.9827988181 121.353314632 111.703660769 46.0191058205 58.3956533382 137.551628603 127.762592522 151.076824033 103.614640945 126.841722685 49.913380058 37.7593780188 25.4295292942 120.687342841 117.807540051 123.494910127 144.314573741 70.4156941058 136.620064762 64.1158319636 80.4093781486 163.694605808 39.2061107404 57.5762128488 75.2867942664 35.8900075251 0.0 125.818514653 60.9954264015 70.6732631316 23.6677677797 58.247871128 60.1176998665 23.7996419879 134.94707921 75.5209678252 103.891040414 23.8825838856 12.6028571629 108.830934735 67.3807958001 142.910096938 67.8078599249 120.953433313
64.4640340185 194.575027957 133.473286087 152.402822241 83.1082999201 131.920649451 173.481198112 42.3318491577 92.9996418798 114.566185094 73.0151407146 26.9055524794 3.75859715239 75.1236528671 150.002451412 58.3657989342 160.618122218 101.375946669 128.681343589 14.0898220007 26.8049471956 34.55626215 216.342020387 191.644559753 79.0643772572 69.838003974 110.297963109 79.9632213663 96.3973446643 140.202242182 110.632486164 95.425548259 125.818514653 0.0 159.092262714 76.1948998067 132.18724592 68.2836625963 168.797650666 133.997687527 47.5305536016 109.702726704 57.9723225876 117.606721679 123.23626217 20.7519977298 87.9778565151 209.380852812 102.291003783 72.9761631536
108.709964146 59.397498572 140.94095023 148.204366196 87.4195370615 60.5390287328 14.4031931666 138.106595722 169.712527453 106.988116579 86.7812218003 177.992916136 162.039968488 202.541115869 163.612560307 177.32056623 17.7914782892 96.50516858 85.0143363348 158.840967203 141.737518221 168.029122765 195.882197678 96.2166295408 190.607144148 89.3040999357 64.4842359786 214.273417121 64.6491886729 20.8805271257 136.015003789 91.3165441401 60.9954264015 159.092262714 0.0 84.6645629647 38.1044233965 94.9003618023 105.529324984 81.2511535506 181.898655712 136.191704479 155.260704158 48.1344194071 51.4431432566 138.812344722 125.066031476 196.36597758 62.5061445448 175.030753625
48.9108628008 129.185166911 123.563411954 139.600640595 18.9170130185 76.7113780823 98.852560394 54.7012446275 119.11922219 89.3946638048 19.5147159234 98.3938301503 79.4783759897 133.531023304 146.794673714 108.961372789 89.4267598002 71.057701039 87.20566507 78.780610394 57.0751291095 92.8882466575 202.788030834 140.863880043 127.108488125 14.8840999538 37.2324150347 143.166808854 31.5639703585 64.7850807559 106.028590972 61.1171361422 70.6732631316 76.1948998067 84.6645629647 0.0 65.6285127568 31.212542991 128.638364844 89.6651811185 108.286348524 105.559241268 91.3258719149 52.0778422891 62.0500189347 55.4691961252 83.3411786685 198.973350373 26.4437454414 113.419308239
74.9023985993 63.8670252563 104.050030849 112.959149746 76.2742015429 24.9615205699 50.3210791617 119.893913441 132.009649337 69.2121050699 59.7435118624 147.708969333 134.661421751 167.336083137 127.275748409 142.40042552 30.4783505065 58.4581409844 48.8628272156 129.44461051 119.518626028 135.676671082 165.799687457 80.032185663 154.327048712 64.1677741577 64.284182344 179.499674573 36.4012870901 34.3423976625 97.9912567055 53.7881034337 23.6677677797 132.18724592 38.1044233965 65.6285127568 0.0 64.3417153892 78.149478359 46.2912503099 148.560730242 98.1483282632 119.815302673 14.611604882 13.3744694489 113.229604346 87.3202060027 165.003529863 54.1928593755 138.65316214
18.229850647 126.293466045 94.0480563926 110.990525608 49.8931296305 64.4926489734 109.175308808 65.9239583816 88.8650835329 62.0653018775 12.4224185011 83.675942302 70.5603141404 109.715413099 116.737244274 84.4465369242 93.7351934182 44.1771700294 66.4616130521 65.1336681734 60.081968946 73.1524915681 175.324732775 126.857019405 100.548815191 16.3986212133 65.3369788888 120.694317721 30.2512641964 78.5724141707 75.3730529862 34.8929756617 58.247871128 68.2836625963 94.9003618023 31.212542991 64.3417153892 0.0 108.684658465 70.5925800899 87.3086971385 74.8485366433 64.1996451395 49.9289031542 54.9526821989 50.5938614005 52.2059752681 170.801193692 51.6915953803 85.8804958683
105.056738231 73.3448818798 61.6700557235 56.403746497 144.838929586 55.3106653183 110.455515972 174.604794699 118.393747551 55.4859282231 113.199737566 172.713567366 169.735552681 169.269644054 75.1669163214 149.526623486 88.5064710762 67.5675173615 42.2759174347 159.91541536 167.778781952 155.392194934 90.4931563215 32.4535197874 151.147989428 119.342211017 140.292552677 182.376441808 98.1296291492 111.029178694 74.8280120703 74.8086698315 60.1176998665 168.797650666 105.529324984 128.638364844 78.149478359 108.684658465 0.0 38.9982624624 162.259100713 75.6936155588 128.405809952 83.6609503029 71.9518782788 155.919977335 86.2105289434 91.6988224219 127.920678954 137.310669313
69.5337066927 74.0098470785 60.3932287325 67.0639805099 106.115032365 21.3555054157 90.3488167077 136.313686998 101.698787121 31.6029862375 74.3429687857 141.433559001 135.36236764 146.874032404 82.4547849167 124.253119003 67.3273339987 34.0313020776 6.35859661318 126.604307997 130.397589462 125.435153777 120.520570389 57.6744693839 130.545742462 80.4621218283 103.584870947 159.897275376 59.4667250576 80.6273114197 60.5938433393 38.572858191 23.7996419879 133.997687527 81.2511535506 89.6651811185 46.2912503099 70.5925800899 38.9982624624 0.0 134.749483366 61.0844916499 101.618905953 47.4925162081 36.4022586899 119.417869125 60.5173989474 119.147177462 90.4689453076 115.319412166
73.6934215696 204.938643976 112.80853319 130.76193316 120.668273155 140.124776651 196.037514321 89.0764305157 58.007567595 107.286292385 97.204770884 24.0363010988 44.3096376882 27.8355192195 123.03184547 16.0838032196 178.940343767 100.970641242 128.540190999 35.2613110215 72.9911642798 15.6311469833 189.872396237 190.381254499 33.4587708491 96.8644434815 145.340062294 35.1216075776 117.40127398 165.857198211 91.3286077576 99.4061890859 134.94707921 47.5305536016 181.898655712 108.286348524 148.560730242 87.3086971385 162.259100713 134.749483366 0.0 90.3389080033 33.8545583193 135.107995025 136.834077219 61.3113700995 76.1511286853 181.579376117 134.30528831 33.5509101716
59.6954496978 134.528907394 23.8076217474 42.724992834 124.45654482 77.3991785731 147.503699599 130.878146893 42.8766010823 30.016065667 86.048713399 105.437649681 109.361691983 93.9197696836 42.7856978059 76.024873617 125.238545933 41.0270264211 55.2109834724 97.6216350498 118.761429267 86.9588608433 106.99171877 106.862957121 75.5309710333 91.0964043633 135.038991743 106.965138574 88.1164722885 129.225594034 0.992814118193 49.2052820191 75.5209678252 109.702726704 136.191704479 105.559241268 98.1483282632 74.8485366433 75.6936155588 61.0844916499 90.3389080033 0.0 57.5848232694 91.2540690078 84.9514908046 104.028919651 23.9435006634 100.639425443 120.467299073 62.198241762
47.268383658 173.141640816 80.8277136913 99.3462936862 107.231964988 108.653128403 168.977992965 90.8126312584 35.4565228414 73.4919768953 75.9557043193 48.1909292792 56.521115759 47.5236957979 94.0157016448 22.9675065916 150.268211291 68.2785229769 95.3389658703 44.2090867703 75.5296406931 29.6180861323 161.054367309 156.673529498 36.3497428615 77.5427426954 128.120192797 59.872148743 92.3732834037 141.206544277 58.5768909889 68.0019515101 103.891040414 57.9723225876 155.260704158 91.3258719149 119.815302673 64.1996451395 128.405809952 101.618905953 33.8545583193 57.5848232694 0.0 107.344083159 107.326318109 60.5765961442 42.3242128083 153.45095015 115.273785873 22.0983917985
61.4418493396 78.2392387157 100.279609175 111.344303334 64.3716990327 28.3667164416 61.6440845708 105.847101998 122.066078737 64.0573429706 45.148243427 133.484001073 120.105867641 154.761763424 124.079718926 129.641762883 44.0074183325 50.3608518252 48.1833950888 115.062550167 105.040340964 121.888167745 167.939865492 90.2801896406 142.501261179 49.6716400306 56.6425135568 166.698776159 21.8992341824 37.9778191664 91.2320296984 43.855723104 23.8825838856 117.606721679 48.1344194071 52.0778422891 14.611604882 49.9289031542 83.6609503029 47.4925162081 135.107995025 91.2540690078 107.344083159 0.0 11.731456633 98.6184690837 77.6315998286 166.256725268 44.5293052209 126.908542053
63.498196509 71.3478648652 91.766236416 101.67967933 75.4554059112 16.6440315148 63.6532872966 114.731854924 118.682644615 56.344721933 52.509447907 137.230269888 125.487336539 154.836054407 115.272452127 130.060357943 43.1449670059 45.085481713 37.7843172073 119.466933644 112.706927861 124.40974934 156.913038019 79.1902686836 141.449357261 57.6901586816 68.340737652 167.140767872 30.6938604499 45.6464348476 84.8185702599 40.5934104943 12.6028571629 123.23626217 51.4431432566 62.0500189347 13.3744694489 54.9526821989 71.9518782788 36.4022586899 136.834077219 84.9514908046 107.326318109 11.731456633 0.0 105.085405214 73.9955986203 155.502205973 56.2318330568 125.759192994
50.9895863725 176.33399847 127.23912888 145.972342981 62.7955959145 115.06100426 153.177779927 30.2763692382 95.7763765738 103.626493231 53.5575343836 45.1976591005 24.1524873111 89.0040868568 146.109361255 68.2667529689 141.00000392 88.4980959036 114.56154553 26.6305140929 15.2190641978 46.1133702535 210.879972408 176.6326375 89.0497476366 49.8423216857 89.7302418855 95.8475468269 77.0328849186 119.687708212 104.878128957 81.2671165528 108.830934735 20.7519977298 138.812344722 55.4691961252 113.229604346 50.5938614005 155.919977335 119.417869125 61.3113700995 104.028919651 60.5765961442 98.6184690837 105.085405214 0.0 80.6928196418 204.667864597 81.5393947323 79.7252245316
36.0511930282 133.777060371 46.5633409112 65.2846349208 102.096805769 71.0313792536 137.639702496 107.024498941 44.6894639073 31.1837276124 63.9913348245 87.2915724653 88.0377190226 86.3618392543 66.7268406617 64.2564703938 116.705018412 29.6316953097 54.1607790272 76.8451685749 95.2194057462 69.4744414651 130.217264136 114.41753121 70.2484694004 68.6006428041 114.989851088 99.4017026203 69.8648585646 115.032656385 24.6822521287 33.8080001378 67.3807958001 87.9778565151 125.066031476 83.3411786685 87.3202060027 52.2059752681 86.2105289434 60.5173989474 76.1511286853 23.9435006634 42.3242128083 77.6315998286 73.9955986203 80.6928196418 0.0 124.219571432 100.556763597 54.8649997952
158.460686351 161.989310248 77.8183926019 59.8656316339 217.512247561 140.149607626 202.057754946 231.137208367 123.717081665 109.579013176 180.079719732 201.133009578 208.668400252 173.8472308 59.4894392345 165.580315729 179.801066214 127.915882203 118.09412439 196.568673546 219.376321161 182.714018837 10.2361164923 113.876535337 155.225507709 185.900619721 220.824532408 184.783496671 173.748501367 199.228051609 99.7950890137 137.857153385 142.910096938 209.380852812 196.36597758 198.973350373 165.003529863 170.801193692 91.6988224219 119.147177462 181.579376117 100.639425443 153.45095015 166.256725268 155.502205973 204.667864597 124.219571432 0.0 206.851230185 148.385639829
69.8319318247 113.795864907 135.214546805 149.224763274 24.9540451523 72.793929822 76.043741664 76.0687823938 140.276042457 99.0134193824 39.4553267291 124.835944244 105.652912844 159.001070028 159.126957291 134.122114664 70.9024217335 81.5350645703 89.8308149881 105.223498418 81.5007510134 119.023268676 209.457719948 134.012289377 151.486353787 37.9452007796 14.5774616216 169.005738487 33.3744501851 41.7066255245 120.759004775 72.0229024129 67.8078599249 102.291003783 62.5061445448 26.4437454414 54.1928593755 51.6915953803 127.920678954 90.4689453076 134.30528831 120.467299073 115.273785873 44.5293052209 56.2318330568 81.5393947323 100.556763597 206.851230185 0.0 137.208418919
68.4564669221 188.592023212 82.7150574918 99.7268780823 129.271864161 125.15956167 188.464277507 109.901199906 24.6706517875 84.9183236533 97.8125145537 55.6603034893 70.6835437174 32.0138781578 90.4184644433 17.4848159317 168.902572263 83.7816104937 108.961024118 58.9200311554 94.0837087246 39.2283304665 156.868925133 167.466395145 15.6961540252 99.5709289105 150.163804491 45.1471296845 113.266438635 161.866059063 63.1401931882 85.4270230545 120.953433313 72.9761631536 175.030753625 113.419308239 138.65316214 85.8804958683 137.310669313 115.319412166 33.5509101716 62.198241762 22.0983917985 126.908542053 125.759192994 79.7252245316 54.8649997952 148.385639829 137.208418919 0.0