EUCLIDEAN
10
-94.013667299115 94.53145222343406
-83.76035689680428 -78.32854172923645
-44.79258945968798 96.68946521126398
0.84294194547914 13.465120339367175
57.17303833077793 5.71249900075523
-56.795855214114674 34.31172131818806
-66.36876509010455 -54.83303664312265
-49.641675843969814 56.87796944182418
-13.891923358767457 46.55263399940242
87.7600301650912 -70.33384441420061
0.0 173.16381805539925 49.268362300066116 124.77790863177384 175.34601909023286 70.7925245113821 151.90125461138726 58.1950031470097 93.38876190536679 245.40220684668677
173.16381805539925 0.0 179.30362420335578 124.83506947553526 164.08875164786284 115.82276637340674 29.23193843764838 139.44491765509127 143.09754035770933 171.70660547288645
49.268362300066116 179.30362420335578 0.0 94.91519006981133 136.65210438032736 63.5221325363181 153.0509716501244 40.105720716156576 58.89442256654933 213.22988282047902
124.77790863177384 124.83506947553526 94.91519006981133 0.0 56.8610841999777 61.292835718173265 95.82302338082405 66.5835723023288 36.22015758852118 120.73461276015888
175.34601909023286 164.08875164786284 136.65210438032736 56.8610841999777 0.0 117.50244343420698 137.5803004753517 118.43685460906565 81.96429348590934 81.96713009650725
70.7925245113821 115.82276637340674 63.5221325363181 61.292835718173265 117.50244343420698 0.0 89.65728344911246 23.67314590073987 44.615998385303364 178.4575535672777
151.90125461138726 29.23193843764838 153.0509716501244 95.82302338082405 137.5803004753517 89.65728344911246 0.0 112.9563827110234 114.16160970190623 154.90629609016528
58.1950031470097 139.44491765509127 40.105720716156576 66.5835723023288 118.43685460906565 23.67314590073987 112.9563827110234 0.0 37.21098432925099 187.24869665431672
93.38876190536679 143.09754035770933 58.89442256654933 36.22015758852118 81.96429348590934 44.615998385303364 114.16160970190623 37.21098432925099 0.0 154.9050305546931
245.40220684668677 171.70660547288645 213.22988282047902 120.73461276015888 81.96713009650725 178.4575535672777 154.90629609016528 187.24869665431672 154.9050305546931 0.0