NON-EUCLIDEAN
100
-24.8308053282 -9.91256140379
26.8769881132 -1.37183780309
25.4283604112 24.9020416584
9.46490597635 45.1670812711
-40.3679872892 9.69232871717
2.36977914802 58.9497179673
33.5054074989 13.5764998529
8.73416489335 -52.1338803114
-7.64670995452 44.5221067476
-52.4789677303 89.8524882843
87.8062281206 95.9106638244
-96.2407336414 12.9783516032
-78.4926721335 -22.4669914451
63.0798529341 -22.7308354392
80.6858572555 -23.4876059494
18.055756073 82.8550757443
50.1799845487 -22.0617040914
-61.157631967 -23.8712456344
-50.7950706709 86.5580568283
-32.2388563354 -53.8986538071
-74.8930057952 55.4311240873
-1.88077157004 -88.4438293419
26.8207859081 47.939249499
47.2038781488 -30.9221537272
-94.4631320375 89.0265833831
45.7284955666 -65.0132801275
-33.672630727 38.790390909
-96.1924899325 88.5678935625
80.6407895106 24.9507317092
-38.2596500315 86.2865160424
-12.1816263073 -23.5348593665
-94.5417412656 4.05345238527
-33.0782738826 -78.3205323117
79.1924520903 22.0696534274
17.3403096591 94.7800448954
-43.2037117914 -54.2751279774
-83.9019061757 -73.1871165618
-63.8681286487 43.2867432361
9.8287285238 66.1277971334
44.3648298323 -34.0568565414
91.8933876702 -31.6458941168
12.2792928771 27.6531105504
-45.8858258345 -43.9157170574
-72.666927343 69.203724075
16.3060912293 -98.7536621852
-12.651334703 -14.599774376
78.7789423737 26.803113068
-22.2010151402 -10.3608265681
-81.3702042537 16.9840326818
97.5710430062 9.04963921201
3.58695478496 0.855135522649
-80.3735660778 -67.1343510672
57.0190501005 70.7362724262
-61.3047777485 -81.617078811
-28.5064548368 -45.8277834221
-3.4193069606 70.6413944561
-12.7237489087 -40.9307777139
26.6129780727 -72.0792973983
85.585706554 -46.5402143522
-92.7784309827 62.5146163729
-36.0034220701 22.4481096867
-57.0696574267 62.362733561
-93.7439423146 12.596275986
57.3290500464 68.6265038995
39.6542426892 -84.5630050808
84.34902054 28.866451805
-95.2224164717 -12.2605507951
62.9996173703 5.04724319943
-53.0545407656 2.17030631265
0.585694170697 80.1401819737
89.5036042153 9.20705820247
-61.0183027734 -66.6120579492
78.4888425357 -34.195327824
45.9384306979 53.0158292792
-22.3954823979 -36.9415713924
-5.39301925585 56.5376325186
-56.3790970222 -86.354193071
-1.20590635806 85.4305368174
-86.2800567248 83.7473205868
-31.286912988 13.2261980606
-91.0842681227 1.54473913603
-0.445627969206 -78.0222186281
-65.5805139521 -81.5728385505
35.8448035985 46.8296123859
48.222286192 91.5541895867
84.2481717438 16.4308713536
94.0904931706 65.1393554428
56.7541957191 -11.541893402
71.2568558038 36.9659534627
-69.5422416522 -50.3836258054
7.72339972851 55.0128190744
57.3109255247 -99.7688523435
87.1531787381 -83.2328610996
90.2025783834 73.776738692
-33.2608889899 -49.4962849976
36.8852256824 89.7912597447
-58.7986559866 -79.5640078854
12.6631823054 81.1722674258
47.7289638868 38.931428507
23.5974749606 89.7071118647
0.0 129.528687657 56.459347706 72.3307141668 111.32118522 107.972536804 147.076936257 114.913750527 143.363315214 55.5800934051 83.8022666858 140.625610518 113.889255695 58.1017688174 132.101013978 87.6481893938 88.772401034 78.307359093 145.828376711 140.332852588 146.759421444 115.465662962 132.644765922 117.106651561 101.700005278 113.937844 87.7750541265 95.6571410838 108.127100776 98.7768994743 118.373443985 113.669379254 70.8759897577 142.191196653 120.489723525 54.79301994 54.8016307248 128.554658012 82.6604397276 72.9226834559 130.104526238 75.086898556 144.734502751 141.013169555 83.5970529259 99.9789134275 67.4170464985 107.906107282 135.662947455 52.2668048926 118.084073033 128.663957091 67.5904687119 97.6274185983 52.7637981871 120.059437406 69.0773730234 111.789200957 106.971919725 107.06312525 122.693254648 72.7760688325 66.5351289157 148.607413666 121.29165934 100.790669432 114.203120676 67.2188679649 145.734708025 71.5509792502 65.215195795 79.3069435219 102.256947928 101.234443789 109.170187915 106.834417506 99.5939039189 62.3557449968 137.611552704 137.914866306 144.28382141 65.8633798625 127.573674034 127.618439691 137.714729931 103.709187742 108.230803428 61.6657377094 86.456678716 143.541500022 54.1141441115 147.525801187 146.419541081 98.3193274979 126.969921914 70.1084767389 73.6057063064 107.470652648 61.6581886175 92.9128926193
129.528687657 0.0 81.3785712699 77.0538792823 146.567668435 129.354458276 132.203212546 133.999091891 146.661593055 120.432371929 67.4982095446 73.6536861931 81.1704307312 82.4328211554 85.362570865 54.9968021594 63.7052590365 74.000557868 93.046227168 74.0714516534 136.580857919 110.852882482 146.79938796 144.114102686 145.590588483 57.8812071049 89.8016876696 118.696350327 106.076783393 115.03321433 58.2916231197 91.4205344298 125.668336666 53.0749834442 88.20099543 124.526563314 135.062213261 110.619392806 95.9818316042 76.418455367 100.032934021 134.071134033 107.24404261 116.162455714 102.647221021 81.7886860558 80.8270451358 115.590341468 130.502212296 75.6411950454 75.5214622338 143.96155644 101.407831985 67.2156111588 72.8175966134 79.3452166196 143.72428287 123.503657527 125.821350201 63.4802468354 73.6534314324 148.614550395 119.727662189 80.5788354057 66.1144879317 119.3030994 148.242392581 66.8357058226 147.434113634 103.077348788 54.6310969872 114.034302852 138.491197122 98.1879418204 66.2165291258 103.615258963 91.1752608505 139.449340099 73.5942840265 124.801870653 123.155943012 83.4594423024 74.45735444 52.408283327 101.134908338 66.9254013665 89.1079326369 94.7685531128 51.708062329 124.282449128 126.105916146 58.6024944736 117.34987986 138.429042348 149.025145511 59.695872964 114.71683856 131.142435878 53.0273162371 51.3825189717
56.459347706 81.3785712699 0.0 106.850818482 135.695877759 61.4666336258 112.820272912 146.903351536 120.54719245 57.4911591034 131.567892227 94.0482207733 103.118610262 72.2990453446 96.8817874791 84.5242503263 124.118561456 147.536016704 125.125542176 127.85613361 61.1251220996 114.501777192 67.3230544528 91.1766736625 79.8062216977 140.338033908 121.136390311 129.927666361 118.063436229 112.373045441 65.2795338862 99.9415572989 118.425433451 137.90914214 56.1485094624 62.1791329214 96.2874215599 144.404554968 144.362694213 142.982726784 115.122279062 140.20381008 112.607223443 145.682352623 88.5595462958 143.898041136 72.8038837657 120.628272678 86.7830009345 67.0618829004 53.0738598615 123.642482201 131.637114667 68.1378992509 140.306711742 85.8385247025 114.190881075 144.134320232 111.900409847 97.3827951263 92.0573077658 130.8333058 54.2738539552 106.609050436 121.987014007 111.624770228 103.973300548 83.3631523195 115.833340136 133.960469462 128.081862546 72.5213094612 112.667784711 59.707649689 93.8669260429 84.8972128358 71.6533612889 76.4243069787 122.054255997 128.017239631 57.8857451961 94.0536229098 55.921068946 131.586354062 125.692746603 123.397539974 56.0010480203 106.172066497 74.7431763376 60.0759282255 67.9030822158 92.1812625845 98.4099676766 68.2428020565 80.4767062307 84.0455242668 136.957578493 69.828389308 93.1078080205 149.747905241
72.3307141668 77.0538792823 106.850818482 0.0 67.4302362914 65.4357124813 64.0213103566 115.110573069 122.701661182 93.3559297687 64.5563434511 97.1934124194 102.864416806 137.620423306 140.30609777 73.1959632872 75.2573284331 119.275331445 115.118473443 136.352705116 111.324846875 136.066429885 138.88664931 94.4982718717 105.043149074 64.7785276644 131.130823787 131.449443178 127.311438562 87.5246692799 53.3790617995 148.809510405 125.968172732 138.635753449 76.1320940815 125.863946527 136.738084593 59.4188616068 121.522489436 91.9505160106 81.4236442918 54.2116911375 52.9255936104 102.40245081 80.6998889801 84.1501561949 83.7850467934 137.119862889 106.207914714 67.8343996236 114.533095809 134.950641681 106.82701816 143.376415255 126.935679631 70.7267900163 87.7976424722 102.239922387 104.04462484 65.3520797694 125.03410841 132.228653485 93.998155466 94.7721332763 63.0092578729 51.5415893537 89.7180085547 90.7554705406 96.3983730631 142.092811645 141.084440931 110.291724368 123.398317606 85.7892460128 76.214035365 115.9246759 91.6487915145 134.298354121 65.6880732147 69.3333796998 53.2716185197 84.0832643718 145.711725292 129.918390524 105.71102354 149.485403824 143.523258938 53.6515961602 66.3457691277 119.960768698 80.6707127246 88.5928786057 68.0146943456 86.728481619 72.669889202 113.562146781 83.760651017 126.90844109 106.681729505 96.4005410679
111.32118522 146.567668435 135.695877759 67.4302362914 0.0 66.3356854372 139.441577659 56.6022186069 102.37751249 128.385254955 108.274115207 54.6558419582 83.127042793 56.3199782932 149.26484193 85.9138454024 138.705597823 125.215216975 104.030685859 130.206206213 60.5975598291 133.522653457 98.2126365297 85.4715385058 77.1381027116 53.4079019704 83.4384892958 144.573351613 121.10071612 141.291486105 125.71291574 68.7844092174 122.100661786 91.8228269348 143.814606441 138.328679919 59.5345169939 113.637367219 69.7072305423 51.4549314487 123.667869278 87.8414336871 53.363154602 64.6500247073 73.4552601046 146.659869604 127.320866708 93.1974136864 67.0636529298 69.4989759774 96.5047966886 130.517762018 89.8055818398 116.906790464 69.8764007375 88.320081839 148.506738798 80.5461387484 111.092726512 62.507012068 133.396324766 68.7350705457 144.952099318 77.3415498116 120.707881182 121.730015594 106.197685024 73.997198331 57.3215600326 74.2208719493 144.9762606 135.970511597 110.884027586 74.7766663318 145.612033969 93.6937209007 122.768613459 56.16270199 90.1762021786 104.008865451 137.621538542 139.378314145 128.350872739 132.548286706 136.603168874 115.821129952 59.533209792 82.9752029823 77.5467410203 135.770733442 71.0618885369 83.2768094719 83.1798152166 147.209011399 125.529264969 75.0445245346 147.436250453 62.3028251352 133.477415112 65.4085993353
107.972536804 129.354458276 61.4666336258 65.4357124813 66.3356854372 0.0 94.759572568 108.231943964 125.486095871 62.9051615113 124.554361724 50.5856397253 69.0991544508 146.950268808 98.9708185388 146.035235875 70.7595595164 80.4865072668 148.979839842 93.5243704254 55.5040497398 100.07591664 125.363441675 62.4503992728 110.285526206 133.103498425 112.202478048 123.90141342 138.23949 65.1664170443 130.669986259 136.341541415 90.5985149471 84.8884441673 131.738285808 65.1179569478 141.88355435 106.624273667 89.5315460893 91.2312329253 67.1234214182 85.9233125519 139.44265334 116.289984096 88.9675242313 125.944981691 142.915465624 79.658069769 50.5076964682 55.611911404 97.0988958733 133.759714535 97.2158500335 134.584957544 129.855312236 96.0701445885 54.6326886648 98.762700358 56.8226318303 142.987744948 97.2404922105 131.90303026 136.484607154 99.4863950557 109.561743454 73.5213269449 118.169123923 124.475283972 50.3752728534 108.268273956 126.304473172 135.818471457 72.0307688964 52.1298721711 74.8830428692 62.935317225 93.7132024967 60.4361848642 121.323925448 61.2008704662 55.3193771763 144.984654257 68.0913744654 101.198744955 92.5189819412 61.1374031744 71.1942933847 107.875052815 107.186870708 82.0992519312 73.4742130316 78.7712202241 142.516451968 78.085552328 110.749120847 134.535576963 65.4262463144 136.306165247 71.8312963325 68.3258821532
147.076936257 132.203212546 112.820272912 64.0213103566 139.441577659 94.759572568 0.0 68.4063550831 101.282845742 87.6626918484 69.5570993347 81.1873121521 90.6525572301 84.2580729574 131.589581146 98.2818675614 53.9862548765 144.829502919 143.120778811 115.045676649 51.1335137433 129.219925399 80.1611052742 127.806275562 101.897477369 99.7150900541 76.8019850315 53.7541689827 97.6153274605 126.168594457 142.809044276 134.824094105 61.8585983688 71.6509559895 58.4346291354 79.0917237242 74.9441661985 140.785638777 146.429839821 57.0788958523 53.966106119 137.424724564 131.007802499 124.29741902 58.6109575598 97.4091448418 98.8281126968 147.820469034 127.951714349 95.0968151799 124.18938213 105.765656351 55.3598612642 91.4084593583 108.455989587 80.9983351066 111.420094307 62.3638294394 144.957616346 54.1353613895 148.493852002 81.0318870414 131.894032326 113.994498429 145.312458597 127.75956401 128.903568386 59.2282350534 119.752197597 90.8376539387 125.989438679 100.251018668 111.808991199 55.0896229179 142.411146194 83.6936541919 140.859921986 142.248667908 142.160749445 133.069062903 58.5434099651 80.9915041111 53.0549558328 83.3378626264 98.3710364505 99.0442964317 53.8583254238 148.465888882 104.80488073 57.4664440957 51.4398791124 76.4001022042 60.7634385789 120.364468483 101.616474692 110.817868275 78.1617543709 132.828649971 92.8845968935 120.775376651
114.913750527 133.999091891 146.903351536 115.110573069 56.6022186069 108.231943964 68.4063550831 0.0 51.193648929 130.027137556 72.8938540961 80.8518362423 131.137912844 134.111338973 108.878750573 85.4100650782 78.5320476765 111.29911798 120.100681892 135.027018758 129.698040658 131.418612373 125.927264547 51.4744091463 95.1291912951 105.843787552 120.759142222 54.3904452596 108.046993614 73.2722713558 91.4877776354 145.338907964 98.1301545583 93.6583162628 133.220562409 114.420407474 140.034009335 97.1835932066 115.785302378 66.9815851847 96.2262024395 119.692948006 77.1547053808 59.4959612813 145.097465518 121.832502006 99.5837611483 80.31612125 123.056130977 56.6648524131 61.5606301136 53.1863368403 135.690921513 115.05077844 140.363946399 52.2156353139 135.771472298 71.3533267323 111.110815834 97.6675601873 56.3124700353 71.6293414506 87.810661114 108.777139851 131.105721895 81.1231201673 94.9008900768 130.757906861 84.9447072959 147.781082311 74.0101496372 99.1898797594 130.499018965 126.341394979 135.413196228 85.2217600526 141.924916735 128.026867372 120.101599087 60.5328504383 73.7243569889 83.8845612605 104.062972843 69.7717189211 124.574239552 50.4702126434 136.303811318 90.4745292572 94.0134602985 74.9632581186 127.526480124 113.455648823 138.631620566 140.765587409 77.8699441463 80.4696279328 129.662451388 132.406740383 137.85660498 88.0341267915
143.363315214 146.661593055 120.54719245 122.701661182 102.37751249 125.486095871 101.282845742 51.193648929 0.0 146.880798507 89.1372860524 98.6873625707 96.6787315767 135.217181674 107.691278407 125.609642248 82.0164789099 131.389512705 76.0909769927 143.145603591 149.195664658 146.406131426 82.9869774488 100.27835274 131.299413955 106.665489578 60.2460709995 120.805582481 66.0109960394 63.1073889223 55.5505661942 69.1173806994 87.4725835944 113.171633733 88.9950204961 94.893535369 99.555953945 116.182321964 98.503536019 65.3246872048 74.3038525829 102.291627983 51.4185414598 67.2417073281 106.618161516 88.583653343 81.4794933388 105.123277826 82.4873406948 67.6184244918 71.4395427631 120.937893851 63.9556543327 141.878110851 60.141037131 113.141563651 56.7901589828 103.592514599 57.5199828918 121.23407485 128.996737454 121.668769544 75.6182238729 116.15624979 137.206956911 138.564653418 103.033777167 105.417933534 104.129358646 124.450027143 133.811506514 77.6375373266 113.746271242 116.236581036 59.6054456518 131.93885044 67.8843643708 63.4484338519 121.197973096 135.067591324 110.282201442 137.110714461 113.420725043 138.922475245 120.856375527 130.159872541 95.488164294 108.917164705 69.6101162823 97.0691839603 129.610187805 96.6072698604 60.7081623593 92.9527607068 73.8127570777 51.5856139194 65.7481498168 95.7389932729 124.077316067 96.8687983435
55.5800934051 120.432371929 57.4911591034 93.3559297687 128.385254955 62.9051615113 87.6626918484 130.027137556 146.880798507 0.0 80.3273202182 104.672174336 144.440645009 74.1414531437 145.180085061 104.158385463 92.2404103598 111.609479425 101.611837453 81.0002137501 137.560099908 149.160402796 79.3952568836 136.468858494 140.760444822 53.1010423394 139.734250724 140.968171916 71.2181045906 61.963458131 53.6424543263 78.8921612975 92.6089151306 134.19043039 133.922761959 73.3716082612 57.1495224241 67.2573872095 81.5628787492 127.131246538 89.1356676014 125.361034925 50.7712161097 133.064233759 70.881342961 144.322132559 67.5229654086 50.0715813269 61.2950798894 148.707303856 55.3814462125 98.9736978413 146.380990627 95.502582039 71.0499872197 130.689015333 147.748504163 98.8863014299 63.9797461038 54.9830448408 73.3204048004 125.095976491 68.0490988133 77.3443423341 74.9925803408 103.840242863 80.5790107328 146.547111758 97.1681895518 65.9327782831 100.079934684 91.4791961201 138.751863336 121.423363126 132.866286633 85.2093832282 96.2837867454 149.35828987 78.9206786052 55.1251567519 116.406076687 101.406320944 121.748278462 116.580053806 68.1298212273 81.3881587979 134.910105391 55.9879648654 113.883702472 86.40064561 59.2827661816 86.4354129177 81.1149273761 82.4561090521 80.7649139283 96.0632384092 89.2234339682 64.6606204416 97.3987052825 55.5343167456
83.8022666858 67.4982095446 131.567892227 64.5563434511 108.274115207 124.554361724 69.5570993347 72.8938540961 89.1372860524 80.3273202182 0.0 111.839767085 55.5681128783 146.307563131 130.012103704 62.1521635824 138.365509473 124.915591128 118.801980466 148.967406988 69.7124581781 71.5119270048 116.067846683 90.4151532316 131.451256756 52.0054794738 102.54743244 143.300892588 87.9562032959 140.562825853 59.0475666076 142.684044837 79.272800415 92.089787524 120.86195975 103.847172967 51.9079569947 126.439169629 128.302316002 115.424263545 70.2054491904 87.6563360965 143.947904982 138.764796295 107.157294557 52.7120295391 106.700060144 86.8420739224 135.936214981 141.173310705 79.6752829426 51.1827124435 73.9813881622 118.459972501 104.147509044 82.6578873755 134.127932329 119.490860767 131.740893913 88.0263515282 120.993938854 143.542123555 103.623382813 129.435571076 72.4874683716 146.054676014 68.9010021305 78.4741853364 119.3337308 67.1372480025 143.590024111 131.132419793 116.398885144 90.2466341026 50.3891805533 74.3497307368 79.5845240423 117.89939843 86.1867442562 147.843222094 76.7202038514 71.5773843656 51.0251185804 138.876973136 62.6973010963 82.745032483 74.1909149064 90.7913547212 65.8433248852 143.52814005 146.573824604 63.907409658 84.2243810329 101.96487029 86.5436481832 68.2467692191 90.5072280842 91.1018418912 113.287729438 133.437748173
140.625610518 73.6536861931 94.0482207733 97.1934124194 54.6558419582 50.5856397253 81.1873121521 80.8518362423 98.6873625707 104.672174336 111.839767085 0.0 129.981679999 126.414205695 57.902064221 112.528341362 118.964013295 64.6890899558 115.367200327 123.466865568 72.6305352662 129.326633977 96.5256183779 51.3103820872 59.5234782732 85.6681511562 140.223852277 68.8445842057 72.158159278 53.1264435656 77.1909914369 90.2607154799 93.3664842415 76.1147610196 123.451309349 110.175712202 57.3390428499 114.414797765 116.070166712 125.297141828 106.76274828 112.798298729 80.351047475 63.8751529619 105.115186698 108.522367828 117.735812425 79.6357358638 63.4496423336 51.7592720485 68.6391962621 101.631297404 138.218162052 71.5179066209 126.869287588 66.1333152841 105.100826845 148.308240396 108.24729091 133.215282142 58.7571523597 68.2831104003 77.2857904789 142.335921952 59.7755349467 80.4242071213 102.106350373 83.3476780841 120.864239016 132.584168194 72.3092154444 101.412139451 139.727595772 106.099450297 67.0180843639 93.4272195249 84.0379461976 120.49089014 128.419788448 103.801884894 62.6073921135 109.892580652 69.1312230359 106.838206719 91.9166636882 124.087353243 87.785578341 110.708340786 140.291279275 56.6584435187 113.412302416 102.151769585 88.2065005292 107.26799142 123.335446149 102.31708589 97.8614781531 106.411264911 122.3566452 58.3376460542
113.889255695 81.1704307312 103.118610262 102.864416806 83.127042793 69.0991544508 90.6525572301 131.137912844 96.6787315767 144.440645009 55.5681128783 129.981679999 0.0 120.990683323 139.916967468 95.6036441033 130.519367118 132.04841727 113.770184564 86.5495265935 86.2708743095 131.582313094 143.162281918 92.8651853174 50.2756591435 70.7482180799 86.6618267828 118.260242704 64.2386291914 83.3121188142 122.883388501 102.299932929 128.649661673 116.148665569 84.4866224932 114.264132997 97.5983047447 92.041264881 109.125355519 147.145342833 132.297544142 97.4793947931 107.397154407 137.73347242 58.7867531165 61.5330859674 84.3284455561 56.73400638 56.6458726859 54.9650013632 122.429895209 53.9379061148 140.966306406 146.026293485 103.830772552 75.4254187938 69.4468202128 115.555485916 64.3336139143 83.8145368209 116.32172129 132.481338598 81.287934513 52.4289160041 57.0730830001 53.4191096769 71.2607621598 147.522217107 103.150858759 66.8920739436 65.5448896911 137.73870667 99.229015955 84.4739799891 142.178167573 132.29156042 104.632225519 85.7059952462 86.9411760796 102.435826565 146.50802059 75.3243545476 133.607687666 89.5261031866 137.709753085 113.703420662 148.671384306 140.943032465 73.1848269327 75.043823377 139.860699879 67.3176402174 55.8453334845 140.412049479 102.450588891 107.519676559 129.822846718 116.8564688 147.609258893 128.756693306
58.1017688174 82.4328211554 72.2990453446 137.620423306 56.3199782932 146.950268808 84.2580729574 134.111338973 135.217181674 74.1414531437 146.307563131 126.414205695 120.990683323 0.0 62.5224801967 103.095050437 68.2012973973 51.3084987096 61.5059393576 116.153701391 58.3099596961 89.8758308054 81.0298306717 120.376284633 67.4753904583 80.9459186079 60.4153007149 104.389242937 116.693883219 124.703355193 89.8807179139 105.013213893 73.476054051 66.2069295098 88.0212474224 89.5522188826 120.747617738 54.2569191541 112.315207208 83.4198676684 54.505552627 68.7316435507 71.5065856685 116.073978538 144.579581922 113.307972806 125.818329667 59.2437770733 55.5191329403 91.133725551 99.3227170458 130.227048747 66.8155247725 84.0962609554 148.398644447 66.2326655553 137.209453848 148.840098349 139.073046378 118.680934421 140.208270372 89.0173373791 131.54255713 88.6151419926 146.121740098 118.783540252 124.709858423 81.8608960485 137.765853265 125.359811074 60.0023387956 71.9250777623 77.6663593383 116.839218624 141.191682956 112.864429025 112.768305333 109.290155306 108.936907841 108.441701369 107.403623613 51.5476529346 67.8155757943 140.970340793 52.7891497759 68.2085575162 122.567328627 103.736160902 65.5151456315 75.4340687734 76.1910464019 64.1314817865 141.084056779 131.786968351 131.616629174 65.3446181483 110.004717272 56.2465706393 62.0350206693 78.94839302
132.101013978 85.362570865 96.8817874791 140.30609777 149.26484193 98.9708185388 131.589581146 108.878750573 107.691278407 145.180085061 130.012103704 57.902064221 139.916967468 62.5224801967 0.0 67.9900246546 62.2053915213 94.9686206908 52.162090352 95.6216221165 71.2951234085 54.5093498565 141.13673811 117.903422941 84.4845202012 70.9068515587 69.0287065857 122.431721596 53.0882040692 62.5116556674 104.941797902 130.254879275 81.9813771602 142.187426136 135.862220674 131.24099607 100.595053577 75.0815210193 120.877617647 52.3238957219 57.1036933396 114.973754251 119.762345165 53.9581698503 147.246697335 56.6327681481 67.2757030811 57.8283551004 133.182351353 53.3499909061 144.054688613 63.1028627749 148.649431408 97.0543786768 71.1333725136 131.39934417 115.221391837 89.1207789583 139.759118011 110.471301622 115.931345771 62.6284242241 120.386089952 60.0497959274 73.8467136118 143.072395506 61.7722548183 74.7374994708 60.6402127461 102.209999774 53.448636677 68.5658124019 130.813319894 53.4697037752 80.5067228959 106.463590463 85.2177305864 71.4579559492 77.8669926387 70.9580238909 102.469397145 112.930967626 127.258662436 87.694712053 144.235158441 102.871294946 79.525128553 104.16752509 59.9537717287 97.1469363215 124.050087552 81.1087251176 142.430110849 98.3038320812 68.5502689985 66.8998433766 54.5055824777 60.8035991297 128.634265386 122.551578659
87.6481893938 54.9968021594 84.5242503263 73.1959632872 85.9138454024 146.035235875 98.2818675614 85.4100650782 125.609642248 104.158385463 62.1521635824 112.528341362 95.6036441033 103.095050437 67.9900246546 0.0 131.948506281 61.2440836832 125.835301391 88.0734185924 126.632465817 52.3699771951 130.360714419 80.2879853094 146.378222337 77.6608373319 99.7428786484 77.825903039 74.7940187406 124.331058216 140.627310298 91.2657420454 51.895957698 85.612056186 52.6384757327 135.099097464 88.7003475466 72.5684619016 52.9982150735 52.4754411643 87.4385769508 51.4479714153 141.225285663 69.2085668362 78.8705668994 62.8120344531 122.166349692 111.449919549 134.879144082 86.3617852373 123.557730889 54.3779825039 132.665911384 106.85635135 91.852561399 131.938634408 83.3518033479 108.706033643 80.3222445843 71.1902779853 83.1610446619 143.831225412 100.295563126 122.670952367 84.1074430691 112.715175186 111.839552305 67.9374432648 94.5973462336 61.752261222 84.7800854258 56.4468464001 121.951385316 98.1033380254 77.8068107104 91.1471638367 133.616157835 62.5873832506 144.5004095 112.480250771 88.2307886528 132.147593352 87.4385540448 123.590002512 99.1789827872 137.607772956 126.982709005 94.6182660061 59.0598920619 149.070950376 83.1507169116 52.368385017 62.8926395951 113.438737695 56.0621312234 52.5763577992 81.3152625223 119.708238548 70.4227943043 146.296688952
88.772401034 63.7052590365 124.118561456 75.2573284331 138.705597823 70.7595595164 53.9862548765 78.5320476765 82.0164789099 92.2404103598 138.365509473 118.964013295 130.519367118 68.2012973973 62.2053915213 131.948506281 0.0 70.1648786938 110.114013165 122.246262069 87.7138641514 131.530104569 107.403232201 74.5237829507 114.852368826 130.00622717 60.5632042839 80.7996071299 108.032395255 87.5151584236 64.5020321351 58.9183348541 94.3695918525 110.646486824 55.9628829824 115.133216186 80.358805451 52.6388209103 134.011396284 55.0912882181 122.180111523 83.8564635901 136.220975457 143.741184504 115.535885577 75.226319622 79.9977322883 57.4839465456 118.270450769 125.955481636 85.538717508 132.227861751 68.1993802077 102.727412417 132.218647973 98.1144746159 61.7529779492 104.576497295 142.818391514 54.3304050814 94.8265718224 95.7190166544 129.881898599 94.4115637638 136.183821745 62.685732782 51.9883685265 113.000711814 69.4716621348 65.0801515187 84.0661649663 56.079699188 64.286805146 149.784375811 76.3457038152 55.3100343677 127.593618277 62.9412745267 94.4647785885 109.426163929 119.598593234 116.286137512 58.575208744 92.8820484753 85.5538334439 82.2145274237 73.1678754958 80.2482459757 103.243429184 57.0600583986 122.163956432 101.51913376 144.68431088 89.7846566796 92.4622383675 82.5777420845 94.012801081 132.38023768 141.836650741 96.67760124
78.307359093 74.000557868 147.536016704 119.275331445 125.215216975 80.4865072668 144.829502919 111.29911798 131.389512705 111.609479425 124.915591128 64.6890899558 132.04841727 51.3084987096 94.9686206908 61.2440836832 70.1648786938 0.0 98.0939387824 143.11496633 112.114470736 114.961773684 95.343505126 119.45689868 82.778053791 111.804512554 122.337579906 139.136831139 93.5923443118 92.8129530004 141.718612163 145.906662658 69.0233759419 138.630411848 51.0422231158 112.641544375 73.3517905564 60.243286602 63.7104125111 98.9775783952 138.957840039 94.5296505725 62.6290450942 135.403254728 116.14989244 78.6625892704 52.3215693807 89.874910007 91.9008812272 88.7410153586 108.319091862 64.1180216787 143.288268948 88.8866522577 144.812656675 137.32519883 66.5405770541 114.931771796 86.0841928428 63.5956159978 133.595641293 75.9349687273 125.348936508 79.9030569353 127.796879506 118.03887277 78.2086981522 98.8471310759 96.9335968819 108.791140038 134.64284027 149.249878259 93.0044882621 115.469889551 139.86865989 128.912700554 58.9319627952 149.662285387 110.628329289 129.364450039 97.8115773619 62.35337096 143.749335768 73.5397831097 88.534223199 58.0588709429 136.973369028 107.897192311 123.307701364 148.025008847 129.9133967 131.175472603 100.000543646 61.3681497049 134.006576822 127.668661446 84.360198484 120.734497039 132.775509481 73.0965729168
145.828376711 93.046227168 125.125542176 115.118473443 104.030685859 148.979839842 143.120778811 120.100681892 76.0909769927 101.611837453 118.801980466 115.367200327 113.770184564 61.5059393576 52.162090352 125.835301391 110.114013165 98.0939387824 0.0 80.0994308627 81.8947547406 99.2091485824 86.5181384996 79.8975538036 59.3096280496 101.85499461 75.6680578336 68.0966002737 50.7413789448 95.1055742378 125.634361769 61.2730668615 92.1674549486 135.778524056 149.48296036 102.932063611 118.676188688 53.1414227009 62.6227757724 128.688221578 60.800052064 81.5924224115 95.2775484063 59.1615950174 75.6071909268 123.91479892 116.196769599 64.3371162862 91.3101663471 106.138320244 95.0635310365 143.743898463 144.068172437 76.170697918 54.5322559531 146.621383097 57.6183985217 126.793615034 144.214343106 82.0517547644 88.1476579121 91.2962929768 89.1505161775 108.767250545 94.0321672904 131.735901736 133.783682613 86.7671104606 86.6755446464 113.2030611 78.705429481 139.251182411 83.5530680402 117.598118734 101.956621257 53.1374527572 120.270646509 139.035126058 64.8949969606 53.0426699005 127.787220333 115.161076708 94.9191816576 104.937447837 102.637069966 66.7880761981 101.443492288 133.116468038 140.525608096 143.000271849 66.2890266645 60.8324365103 56.6622701895 114.708946676 71.289708622 127.857642057 90.8628380186 73.3134018476 102.99376955 69.9623201406
140.332852588 74.0714516534 127.85613361 136.352705116 130.206206213 93.5243704254 115.045676649 135.027018758 143.145603591 81.0002137501 148.967406988 123.466865568 86.5495265935 116.153701391 95.6216221165 88.0734185924 122.246262069 143.11496633 80.0994308627 0.0 58.018295717 104.918858155 145.87982692 132.767054604 65.644139499 137.870668782 85.1874569827 83.8286724138 141.1567773 57.5267181448 119.107648225 109.648902367 63.2003040264 128.005028832 74.9776007387 109.625658116 102.150134379 146.251775228 141.705423346 136.766562093 105.535070714 101.608406795 81.0351999984 115.374456029 92.8965636125 115.377741781 134.944114648 73.3361609433 108.230117183 133.026982709 104.595601548 110.90571097 106.215584313 130.203984896 137.274532462 50.57551477 144.544664447 108.735718145 80.0834005843 116.92430277 54.944894378 50.0162344679 149.218762457 118.079260939 113.020811115 86.3443457358 131.156729409 92.757192388 107.937768636 91.2888967928 141.973447605 101.951314193 120.756851304 128.239836559 82.7828117362 119.383299512 97.3945273474 128.150444146 96.3185886479 117.354715862 144.154542244 97.7132428777 102.0030232 69.5044103856 146.40510417 147.803242344 149.562099601 54.8109338085 119.515058386 149.699943305 103.689645525 99.5971207066 121.640073295 70.0618463983 115.572190265 61.1840276854 80.1417695385 51.0916859066 112.186417162 73.701339382
146.759421444 136.580857919 61.1251220996 111.324846875 60.5975598291 55.5040497398 51.1335137433 129.698040658 149.195664658 137.560099908 69.7124581781 72.6305352662 86.2708743095 58.3099596961 71.2951234085 126.632465817 87.7138641514 112.114470736 81.8947547406 58.018295717 0.0 109.031348954 83.9150212698 102.365646426 78.6451528845 73.0212887731 59.2197844883 58.8859594835 66.9445711652 127.250558162 72.9874656341 101.289490346 120.670594924 93.6293056918 96.3556801558 77.9312411953 119.796174267 115.785047498 58.021581155 54.0338901027 53.8506959473 80.2759316465 115.46004998 74.2864537261 127.287374652 68.7799865127 126.305912589 133.824442768 143.778854138 53.1799487021 100.594290272 130.833335457 80.3236331382 116.653666133 68.9547522136 79.9816357071 66.6140518769 86.9189716341 64.4718705851 147.002363345 101.580446367 124.40763851 71.2283528888 133.942761965 108.34540522 104.902570163 139.343086612 78.2374534697 119.178136449 66.7852428917 64.2281005568 121.297467884 83.915763959 84.8392523659 66.903753782 89.6247014912 56.2442753412 100.387117744 89.6650448857 97.1206400345 82.2432041848 117.977144791 64.4101109 147.206913003 70.9595658978 110.40690744 55.9736535507 112.924063752 58.0175226328 92.6076254119 102.18933944 57.668372913 84.5954699478 131.130769381 73.6281534016 77.8398250402 66.1393052617 60.6162017293 95.4167951759 135.314691899
115.465662962 110.852882482 114.501777192 136.066429885 133.522653457 100.07591664 129.219925399 131.418612373 146.406131426 149.160402796 71.5119270048 129.326633977 131.582313094 89.8758308054 54.5093498565 52.3699771951 131.530104569 114.961773684 99.2091485824 104.918858155 109.031348954 0.0 86.7434401007 68.1849882494 71.0339608972 105.053683255 89.5107701172 77.3349155958 142.850783423 110.177908642 57.8702827778 85.0818946007 116.023095999 115.987275974 126.067960077 97.3361111483 127.809675372 81.7921441714 100.272953126 56.9732455724 106.425650102 63.8770735778 130.058531672 127.863794529 62.4212574134 62.2412144823 102.82560325 78.4110292839 139.771037053 53.0389142486 51.4388537454 109.896151415 88.5168532857 66.1433417087 112.745716236 87.588484985 84.4983869771 128.487686858 52.0455428361 109.120692706 80.3583958253 69.7635625254 89.9297355702 131.459682019 70.7584728069 136.338516026 78.7707705744 57.4219606564 135.529719765 81.9073956263 141.786303844 58.4810612422 66.1748745104 97.5834973494 50.4606923674 131.127740597 85.6762453396 97.7295965632 99.4562889963 103.27987225 136.664106352 60.4122558386 91.7081382234 96.5781169965 131.494488041 92.1196462398 100.356351593 134.865025083 110.919554642 94.5882830439 75.9814533541 57.3261081684 74.9676107427 78.4009317703 144.3507527 79.6434877909 131.646116661 113.69211126 55.6800166404 54.4268101552
132.644765922 146.79938796 67.3230544528 138.88664931 98.2126365297 125.363441675 80.1611052742 125.927264547 82.9869774488 79.3952568836 116.067846683 96.5256183779 143.162281918 81.0298306717 141.13673811 130.360714419 107.403232201 95.343505126 86.5181384996 145.87982692 83.9150212698 86.7434401007 0.0 139.783121652 70.8989303187 142.748899503 82.218205137 82.4280876608 88.5573038077 129.072793934 142.787208562 50.3590066235 105.334389918 104.481540293 143.7914979 109.865194435 69.8775902087 97.5106836827 127.872419032 135.173420884 115.463948353 69.3455867697 77.4630469882 102.643606034 92.9540738559 148.988589416 52.7303901825 138.421453119 50.7811910306 75.6396185822 80.9927035898 97.7265875496 147.005776473 113.706090747 84.3331302259 142.343958868 116.650193425 68.5624011774 122.103885346 51.4053107191 64.9757726571 52.1732251543 60.8596015387 52.2830931883 92.7330091977 62.9603432982 138.27935306 64.9963829843 133.645385988 76.9853653276 144.92819701 94.4341951247 141.645202908 99.4693098156 76.8571124536 112.42807939 123.27593076 131.662577575 55.008600099 101.897347863 92.2787280243 92.6853381934 74.2828854588 75.944278469 60.8348387661 118.054330758 148.496522904 74.0670365035 89.9809799547 51.6349732426 123.424072298 63.4220679394 103.902802123 89.5046463045 85.2405546634 81.1860854854 110.48605647 142.782700862 137.18034334 65.3075618551
117.106651561 144.114102686 91.1766736625 94.4982718717 85.4715385058 62.4503992728 127.806275562 51.4744091463 100.27835274 136.468858494 90.4151532316 51.3103820872 92.8651853174 120.376284633 117.903422941 80.2879853094 74.5237829507 119.45689868 79.8975538036 132.767054604 102.365646426 68.1849882494 139.783121652 0.0 62.4387069511 67.4620419111 67.6540791801 106.893802828 56.7129919688 79.5038996968 88.7948366833 70.2865119247 91.6030246338 89.2626169107 101.426109717 64.4560009872 149.211832781 77.1607342671 78.5164075523 96.4244353338 136.283501108 116.487131719 133.982944114 50.3903192368 131.331770847 119.946692547 76.9322838291 55.0988042274 72.0534237981 109.369790009 91.4785040526 91.7227148857 115.809681027 111.003149829 122.960580719 139.97760831 67.4294860362 67.6680447352 92.8954106866 130.781484772 54.5246568221 53.4783570766 65.1448488925 50.5720057241 110.241404456 72.2893638665 67.2650679452 88.571976509 55.4238064454 115.849007159 93.5823642517 77.3624590089 139.14059211 128.430004797 125.671533607 137.117459453 74.2850232965 143.845942899 68.6432225974 57.2138161657 72.4286249586 128.872921161 107.893556537 66.9158060952 96.7154664131 113.614245331 71.9204433216 71.0274727598 77.0147839919 66.4652330574 145.485816057 92.5222570228 108.072411886 110.377328349 59.0231818336 68.5299282236 114.860829985 109.929891222 119.80194706 105.902915594
101.700005278 145.590588483 79.8062216977 105.043149074 77.1381027116 110.285526206 101.897477369 95.1291912951 131.299413955 140.760444822 131.451256756 59.5234782732 50.2756591435 67.4753904583 84.4845202012 146.378222337 114.852368826 82.778053791 59.3096280496 65.644139499 78.6451528845 71.0339608972 70.8989303187 62.4387069511 0.0 80.393354616 140.883091183 61.6775839474 84.7785959099 131.357274286 106.04718863 67.7398570062 126.853480448 54.9471660058 64.2842972542 118.053783861 128.850168791 130.676280882 51.434606918 123.71287437 112.745718834 82.6839818587 111.282314198 140.757977796 73.7689139476 115.114876877 128.798556195 108.516004364 111.130866512 125.688403166 149.727434792 127.145388208 113.442275583 115.507646965 78.1799836565 92.4819258431 101.766562761 137.231429266 144.444202941 123.921682713 92.554498939 115.458890218 107.451200111 149.66974903 96.8389449069 145.191909029 112.233683694 67.0588640967 120.048675224 80.7121823822 147.465104429 108.730480049 82.2240366348 62.1126764904 76.8366388852 127.125740422 126.45247237 116.69141006 109.745988427 136.668936453 114.106290215 57.4741418867 122.670100654 64.3774337935 114.614504149 118.220199021 73.551869136 55.3406279983 65.0191595313 120.545596014 99.0691946749 100.3947647 72.1510995433 55.860598956 71.7414896647 53.8755244658 104.008362188 98.6476388422 53.1104719106 91.1462963039
113.937844 57.8812071049 140.338033908 64.7785276644 53.4079019704 133.103498425 99.7150900541 105.843787552 106.665489578 53.1010423394 52.0054794738 85.6681511562 70.7482180799 80.9459186079 70.9068515587 77.6608373319 130.00622717 111.804512554 101.85499461 137.870668782 73.0212887731 105.053683255 142.748899503 67.4620419111 80.393354616 0.0 148.488960128 89.5379437535 123.655587216 115.07282341 96.0496292436 142.461865035 64.9564649701 72.365793388 53.5000139035 98.5556286365 79.2319422209 125.672609815 55.6350908482 144.940709443 68.9838810061 76.7592731174 66.6461484431 114.741798838 96.18313849 141.508743801 122.897310853 83.8496696285 104.443406833 62.791135848 99.5017312301 70.4043395869 126.542377317 125.926577086 71.5172770807 149.901092233 73.2635186447 143.585774433 122.897125671 123.867406968 109.76965993 99.2786124834 126.09100259 134.92361131 147.173213174 74.7796659564 89.6424831496 104.040900189 93.0119299301 71.9120009103 118.889751362 82.7650204838 82.2835129367 63.353761452 91.7532729774 126.367227637 54.4491155639 117.646887865 50.2493566795 54.6385203792 129.704218155 95.788600268 97.2581853031 148.187366143 75.1906926888 65.2164431862 144.821308037 114.923433145 51.0696624716 143.950031967 133.141613848 92.3442954578 82.1585544045 148.828490026 111.842719786 80.9852832193 137.662554531 87.1894159132 71.3031188779 107.27173535
