NON-EUCLIDEAN
10
-97.11096769405536 -89.5862957746387
86.32946274943683 37.567116755782024
67.55341944900994 22.46832753289138
-99.80047669851795 -91.85308352979871
65.87792025875373 -2.3702659053639366
21.585090369560504 75.36490018027538
30.49257847875623 70.88225952404761
62.445389800060525 9.780256625098247
-42.99548869064507 38.17825394702555
-18.585082381706712 55.73009575650087
0.0 70.01283429496932 130.3429639855836 134.13784096495036 145.48168906340277 131.67738524726252 69.14887977260729 79.00922343891399 94.18159827105956 120.92260968143901
70.01283429496932 0.0 90.12122906190697 141.97002558641634 66.60524614694032 61.97230215756897 102.13122239171366 129.73147400765572 55.291230447871584 83.38454042067187
130.3429639855836 90.12122906190697 0.0 98.58174115197087 97.61386843421687 63.1173789069406 132.42372777659506 71.53349619232635 52.48216630349533 145.6832742538054
134.13784096495036 141.97002558641634 98.58174115197087 0.0 58.89529559705997 119.45668889940279 54.353238348548416 121.96795446855644 56.241384991070035 143.17245526205315
145.48168906340277 66.60524614694032 97.61386843421687 58.89529559705997 0.0 69.77580470534448 61.02894499822219 76.32893313547676 66.2467770421643 131.7943482668853
131.67738524726252 61.97230215756897 63.1173789069406 119.45668889940279 69.77580470534448 0.0 63.84839586647625 108.92639762869672 133.18324632022114 77.34248442122161
69.14887977260729 102.13122239171366 132.42372777659506 54.353238348548416 61.02894499822219 63.84839586647625 0.0 107.71445039513979 58.07720596678 122.52299765937745
79.00922343891399 129.73147400765572 71.53349619232635 121.96795446855644 76.32893313547676 108.92639762869672 107.71445039513979 0.0 52.87595430269029 133.81423827834533
94.18159827105956 55.291230447871584 52.48216630349533 56.241384991070035 66.2467770421643 133.18324632022114 58.07720596678 52.87595430269029 0.0 142.35535512251272
120.92260968143901 83.38454042067187 145.6832742538054 143.17245526205315 131.7943482668853 77.34248442122161 122.52299765937745 133.81423827834533 142.35535512251272 0.0