NON-EUCLIDEAN
25
-65.07712217785135 95.6393339581902
-47.16599820430605 -7.379250438268841
-76.45206532181138 34.65670462518696
-7.895718463634353 -99.60274161118534
80.70810426322285 -49.456644045267
10.722505598198211 -26.25577718920664
-42.60260392967352 -49.446086056278205
-25.866840589282305 29.534290814894945
-37.21422550444895 -95.1604323817214
-28.39728179820591 -94.32992713508735
-46.09979691778325 23.049021027358464
63.14524476634452 37.30641390599658
63.55053019470961 -41.17995871076494
-70.09434908959282 -19.258275219192527
-85.14399739264425 63.33925736002769
66.36431029210905 56.03565770115287
50.055705791846094 -85.19723532152688
15.758042347385341 -10.660910183652533
17.63056806741679 36.11050313296465
-88.87559170494943 -85.31657187475297
19.617460471575512 -97.45075834900652
84.61416302304144 -89.54409042449257
-67.43421204609336 -83.17238231087912
-97.23833228961463 -93.64195858554258
16.629394595804087 2.5807810628420924
0.0 116.5611405398687 91.2678797931554 93.40317055556915 136.700389758084 124.55900598549789 78.34921134572701 129.23936597388314 82.93449174576581 53.70913748949858 90.8083118075048 119.97009705528453 73.96693423524029 138.24656352041734 113.7047773574844 149.0784737083295 139.67846177253443 146.8403281011569 146.29405572148556 114.34273112489998 131.51347902273662 68.38143694079027 62.3067046467538 79.12389236442141 84.62412791766056
116.5611405398687 0.0 60.96003364879422 70.15119479534195 136.60240876561556 100.66139341805953 75.81369922436022 79.47779200340604 126.35980061820943 83.3354624478591 77.62585903172746 128.12843070291933 140.4187643140827 125.13211894716243 111.21153546234846 51.18769934338755 106.28832869441715 129.49804707123806 56.64409973504989 136.92108299424854 51.6701217076918 79.10051366724218 138.89594497555493 135.4323474373175 71.8413019474163
91.2678797931554 60.96003364879422 0.0 95.76329244004624 117.64963101553366 98.91695131391211 86.62353129791745 104.42146912260198 129.98282444191955 127.23217340459338 95.87398440862185 119.86841184917112 132.79508480794385 137.56268833318794 129.57382915948926 138.34561032775605 127.18349527596172 65.52462521035939 137.3408627815321 91.58608295702481 58.698122847011724 127.5366645176504 82.17087162083752 75.05908729612047 138.8436241752283
93.40317055556915 70.15119479534195 95.76329244004624 0.0 83.92432768853897 81.4871676871886 101.75613499222834 51.42235813557827 145.80562938950902 99.00543099342548 146.9300582988347 130.71191686267872 106.48036425242833 129.20810474400776 79.79708864690208 60.511065946026235 54.51837025001996 55.33444438152155 91.41492029575215 79.84221065956805 50.80435667714003 101.14473768164251 98.21687257238577 76.66266784043304 149.85695316180016
136.700389758084 136.60240876561556 117.64963101553366 83.92432768853897 0.0 55.31108719556698 108.68621697191077 63.77658190194442 83.93871342406476 68.61474125801934 135.50680465597583 103.15078027149019 82.27507498097498 101.93596177605173 78.90245556336545 84.71510880057278 146.32207880320652 50.752125905891596 122.84566314700457 96.91276697951994 140.4707895896142 73.34001144035895 54.397945197527285 121.93260282667072 107.67525954228341
124.55900598549789 100.66139341805953 98.91695131391211 81.4871676871886 55.31108719556698 0.0 141.42859510795932 139.7931995576766 142.42821129297573 70.21884819629402 83.91952210411681 61.38795792807019 61.0419871961174 124.44941652199533 110.35147008631375 77.34260473854327 118.50013004938363 73.9921673206765 128.261630809586 53.361348394646626 131.1678259347457 65.22589824896257 123.77623362508704 70.88492727196254 132.11894633413704
78.34921134572701 75.81369922436022 86.62353129791745 101.75613499222834 108.68621697191077 141.42859510795932 0.0 68.35489743780873 87.7272684663287 149.61013135172828 125.40450808463466 104.27848157231428 131.0917873866793 65.46037241116728 84.93230612017302 91.17121016345646 68.66617358570836 96.48563239749284 117.45271786577624 132.3130318603387 111.24780721682114 94.38980604053532 127.08811402414712 60.43089555425474 108.60703397049394
129.23936597388314 79.47779200340604 104.42146912260198 51.42235813557827 63.77658190194442 139.7931995576766 68.35489743780873 0.0 73.73702955347572 131.72422061577248 149.67684773623088 85.31955294226954 133.8924001300808 118.98763462669841 93.37545064788347 139.11027483396995 110.02437495322367 52.71065789312017 93.48552133007337 139.25529644816493 67.0627721574002 95.62145065997407 96.3932855554952 121.24039505204969 107.82158114902799
82.93449174576581 126.35980061820943 129.98282444191955 145.80562938950902 83.93871342406476 142.42821129297573 87.7272684663287 73.73702955347572 0.0 138.23703753777923 119.88521271313476 107.94662089741479 109.16926337663816 112.21570539989008 93.13328983558216 90.59958582580784 115.58437900352423 131.2269203867364 124.60612625953712 139.11276271242622 65.06656983550008 51.52880911360005 133.37015748730056 131.69476692570532 132.6551483746907
53.70913748949858 83.3354624478591 127.23217340459338 99.00543099342548 68.61474125801934 70.21884819629402 149.61013135172828 131.72422061577248 138.23703753777923 0.0 69.41114787689722 135.9949843477027 115.68041111775585 51.674443138854286 129.07174854709098 120.10030362195232 148.99681104261765 88.96616615129386 115.39217166239332 62.36233907340723 108.39952812967957 109.4463881310535 140.47802235776712 118.44847155853151 127.76093658226577
90.8083118075048 77.62585903172746 95.87398440862185 146.9300582988347 135.50680465597583 83.91952210411681 125.40450808463466 149.67684773623088 119.88521271313476 69.41114787689722 0.0 89.39284136497427 96.11966493637543 133.30270777588916 50.65783034899166 89.29449184570387 146.35058620637466 86.1691449163385 140.2928874507955 122.33793653718453 135.40003582733493 93.81367363312629 119.99388621929629 104.2180040246636 90.44400735535159
119.97009705528453 128.12843070291933 119.86841184917112 130.71191686267872 103.15078027149019 61.38795792807019 104.27848157231428 85.31955294226954 107.94662089741479 135.9949843477027 89.39284136497427 0.0 65.02303486720243 64.99383988298084 135.3697308595781 146.4720960246856 134.14712089819577 133.5229267324317 82.8379433625609 68.31140726678625 102.24121382367841 67.45887847451627 85.6830746708405 116.02399667315579 132.02203831296532
73.96693423524029 140.4187643140827 132.79508480794385 106.48036425242833 82.27507498097498 61.0419871961174 131.0917873866793 133.8924001300808 109.16926337663816 115.68041111775585 96.11966493637543 65.02303486720243 0.0 146.3086178533862 78.67331315888553 61.84443983605172 90.22229924160825 80.19387578135594 137.76280282988478 91.97128360459064 103.24732139914232 69.08256522864875 146.10249248902934 107.34092421132758 105.09254572906949
138.24656352041734 125.13211894716243 137.56268833318794 129.20810474400776 101.93596177605173 124.44941652199533 65.46037241116728 118.98763462669841 112.21570539989008 51.674443138854286 133.30270777588916 64.99383988298084 146.3086178533862 0.0 93.4489811627854 52.14535116235089 80.26056437124129 142.94366268894964 91.16464203350691 64.4617004387178 91.75141080563898 146.09249580909318 106.02389371569714 77.43943673331249 136.30325199556793
113.7047773574844 111.21153546234846 129.57382915948926 79.79708864690208 78.90245556336545 110.35147008631375 84.93230612017302 93.37545064788347 93.13328983558216 129.07174854709098 50.65783034899166 135.3697308595781 78.67331315888553 93.4489811627854 0.0 127.84934521237804 128.54539119607625 112.9652228801627 101.91829539101862 73.51126096696686 76.04022346538194 65.3293992910849 81.49704859999001 146.36778946532638 61.57954647315815
149.0784737083295 51.18769934338755 138.34561032775605 60.511065946026235 84.71510880057278 77.34260473854327 91.17121016345646 139.11027483396995 90.59958582580784 120.10030362195232 89.29449184570387 146.4720960246856 61.84443983605172 52.14535116235089 127.84934521237804 0.0 71.79975899065289 92.89279106741402 122.66840740441003 85.81168743344914 69.53864491576392 143.55430041104006 147.58194819970873 84.01653921398115 137.80064640366402
139.67846177253443 106.28832869441715 127.18349527596172 54.51837025001996 146.32207880320652 118.50013004938363 68.66617358570836 110.02437495322367 115.58437900352423 148.99681104261765 146.35058620637466 134.14712089819577 90.22229924160825 80.26056437124129 128.54539119607625 71.79975899065289 0.0 136.3678449405978 58.43399299579312 65.32421890125987 137.03124117401103 102.732028146324 125.64748561763804 60.89524668587618 128.7821763318127
146.8403281011569 129.49804707123806 65.52462521035939 55.33444438152155 50.752125905891596 73.9921673206765 96.48563239749284 52.71065789312017 131.2269203867364 88.96616615129386 86.1691449163385 133.5229267324317 80.19387578135594 142.94366268894964 112.9652228801627 92.89279106741402 136.3678449405978 0.0 79.28947571673464 82.16786722159266 113.47491209550205 85.53198920810195 61.425826996548025 69.94602753937937 84.38127646259741
146.29405572148556 56.64409973504989 137.3408627815321 91.41492029575215 122.84566314700457 128.261630809586 117.45271786577624 93.48552133007337 124.60612625953712 115.39217166239332 140.2928874507955 82.8379433625609 137.76280282988478 91.16464203350691 101.91829539101862 122.66840740441003 58.43399299579312 79.28947571673464 0.0 116.87115458209915 100.21111376201316 130.44722330459922 91.52964786206795 96.93739911040845 142.62201783026927
114.34273112489998 136.92108299424854 91.58608295702481 79.84221065956805 96.91276697951994 53.361348394646626 132.3130318603387 139.25529644816493 139.11276271242622 62.36233907340723 122.33793653718453 68.31140726678625 91.97128360459064 64.4617004387178 73.51126096696686 85.81168743344914 65.32421890125987 82.16786722159266 116.87115458209915 0.0 146.7171783601764 71.25530984202558 74.95532703923655 68.17522887689758 112.1979658874639
131.51347902273662 51.6701217076918 58.698122847011724 50.80435667714003 140.4707895896142 131.1678259347457 111.24780721682114 67.0627721574002 65.06656983550008 108.39952812967957 135.40003582733493 102.24121382367841 103.24732139914232 91.75141080563898 76.04022346538194 69.53864491576392 137.03124117401103 113.47491209550205 100.21111376201316 146.7171783601764 0.0 124.85965100038399 102.42682515882504 123.20981279244877 97.77577922436141
68.38143694079027 79.10051366724218 127.5366645176504 101.14473768164251 73.34001144035895 65.22589824896257 94.38980604053532 95.62145065997407 51.52880911360005 109.4463881310535 93.81367363312629 67.45887847451627 69.08256522864875 146.09249580909318 65.3293992910849 143.55430041104006 102.732028146324 85.53198920810195 130.44722330459922 71.25530984202558 124.85965100038399 0.0 86.70888195086093 112.7491191080806 50.47967065299803
62.3067046467538 138.89594497555493 82.17087162083752 98.21687257238577 54.397945197527285 123.77623362508704 127.08811402414712 96.3932855554952 133.37015748730056 140.47802235776712 119.99388621929629 85.6830746708405 146.10249248902934 106.02389371569714 81.49704859999001 147.58194819970873 125.64748561763804 61.425826996548025 91.52964786206795 74.95532703923655 102.42682515882504 86.70888195086093 0.0 51.398713948207075 86.09813378746975
79.12389236442141 135.4323474373175 75.05908729612047 76.66266784043304 121.93260282667072 70.88492727196254 60.43089555425474 121.24039505204969 131.69476692570532 118.44847155853151 104.2180040246636 116.02399667315579 107.34092421132758 77.43943673331249 146.36778946532638 84.01653921398115 60.89524668587618 69.94602753937937 96.93739911040845 68.17522887689758 123.20981279244877 112.7491191080806 51.398713948207075 0.0 133.1152583348957
84.62412791766056 71.8413019474163 138.8436241752283 149.85695316180016 107.67525954228341 132.11894633413704 108.60703397049394 107.82158114902799 132.6551483746907 127.76093658226577 90.44400735535159 132.02203831296532 105.09254572906949 136.30325199556793 61.57954647315815 137.80064640366402 128.7821763318127 84.38127646259741 142.62201783026927 112.1979658874639 97.77577922436141 50.47967065299803 86.09813378746975 133.1152583348957 0.0