NON-EUCLIDEAN
50
36.937665551 88.8657653936
45.2883653215 -92.0635503766
59.8180492844 77.7804139157
-82.5089181943 -87.7520269319
93.8789232513 4.23685322033
-17.7840125379 -71.8648746072
-39.9379799771 15.1058178636
-25.9952994925 -70.6434068698
-55.0398793553 3.97318295439
-73.4478923434 4.53857427545
20.8072119882 60.5190631807
-34.2278279722 14.3196121808
-37.4122758598 -67.4013615441
-40.585151436 -35.7441921848
18.3492485867 8.93380994357
70.9480401795 42.3912165558
83.7825525056 56.5482149625
-67.4210831223 4.31964708594
-83.4872566266 22.0641131761
35.0852170358 37.4930700449
59.8852182265 48.2262511081
63.8688085714 -73.3158963311
29.1716014209 2.04759206143
-20.5256027383 23.8440525604
34.0272320013 -31.5436608268
-82.9681235766 -23.2623255305
-53.6975519164 -12.6897386347
-5.94292910303 54.6529667314
17.6932230901 -4.84861602667
-4.18788620164 51.5481569358
61.7827773365 95.6658372896
-96.5983977798 44.9240067729
-11.6329383345 86.1287637293
-82.4681001462 97.1212831515
2.38498780752 75.8486745382
94.5463366455 -65.3558979631
-83.5733876107 -48.423247633
-35.5154110208 -42.3301367456
-76.6689372798 53.6608716081
-72.7808960273 -28.4848219453
-50.0149376746 -14.6831335748
59.6389633707 -18.9131287373
73.632969291 17.7177405341
-57.9088544654 -68.2899997269
54.4121167945 -4.94701471122
-8.02349827855 -55.2517419166
-10.3785581226 99.0082027608
44.111354505 18.1588758268
-82.2148362795 31.3040899829
8.5642615622 56.1261863466
0.0 66.5248326451 69.2076252239 92.0378126389 109.983562588 103.238928088 108.539501636 79.9152697473 118.68225192 124.991933512 98.4066058051 116.775672446 58.2809157632 103.221304158 68.875404345 78.4574148059 65.6259540411 131.133666449 132.175698939 53.6885380099 70.7188629932 56.5917002244 115.690700747 113.044262747 53.2291159597 78.9235978145 57.9207022167 77.5466566112 118.138143045 51.957184565 102.299874465 95.9083738311 93.8194163872 84.9176507265 117.966020904 107.609406849 80.7468199642 88.2302181065 54.2682025473 148.221819634 128.533494043 138.037822336 136.974873523 65.6176905731 76.5829477201 52.8792188486 79.2175142741 104.117681764 60.3592515098 128.714060244
66.5248326451 0.0 87.2475057968 147.501790804 124.069978848 70.2935114634 65.3980760828 67.9501461601 100.610935824 61.8076780831 78.0138242523 128.030816248 126.458949362 128.586457033 136.084711453 119.400716672 119.274281984 57.9346031743 149.045879844 69.9057036706 109.583441228 136.494535798 108.665734363 106.912872472 123.95140195 90.310900323 99.1752789917 94.4694392698 147.090101803 105.941571844 59.0363326258 130.08583188 72.9610260489 54.4206768211 113.502564469 90.3071283051 129.417068869 121.436124449 107.012695038 94.901198358 139.717900904 143.116841732 131.143409501 104.492616636 111.725364891 84.8238949823 53.7717837795 136.71810261 85.3521048963 99.7592086865
69.2076252239 87.2475057968 0.0 149.231161939 107.374504644 50.5530920301 135.499310457 60.8811842411 70.0701063846 50.7293253817 64.2666967067 100.458755516 96.9288548044 68.523660396 104.120022382 122.716428237 128.884951951 147.283490016 102.737793033 51.9707611886 127.871727877 112.422734034 112.655256418 121.203317784 52.3050126088 82.5115422722 88.5031224273 55.0469479933 84.8219753404 61.7288568284 59.049357166 141.805956621 94.686683065 103.478696247 79.4970128183 90.3305196412 125.256963693 83.8874448089 67.1245708536 75.6131481127 142.525218966 81.3969166811 50.1587661286 136.070284147 137.70837808 128.857622251 95.8673372291 82.5339248494 123.642325139 96.1837095741
92.0378126389 147.501790804 149.231161939 0.0 117.540603732 75.0164134374 72.45299046 115.476968309 62.6037336782 65.7243282102 148.797268652 94.4794334249 112.855034749 89.5467411152 52.9481738994 120.898489667 131.975140661 125.636475564 87.196463932 107.418169248 73.2888578643 96.0363260599 92.0727317791 131.590476364 119.877851094 90.8680690327 122.679906876 138.271940019 132.598713876 84.0849933315 129.140904398 69.0822973053 109.502969725 55.654687217 144.401671775 137.63137313 97.0876500457 74.9916012626 59.1242678962 116.672793493 147.856407267 94.6481256451 147.622310117 117.527991488 66.4352359532 122.287458696 148.700375621 100.255085717 127.260677228 66.7998943642
109.983562588 124.069978848 107.374504644 117.540603732 0.0 74.0653522636 100.720432051 98.50236153 86.4508411821 105.632275376 135.158636578 105.892625466 85.0460455069 142.18579892 69.6080131939 120.94462188 72.1405608651 86.2524424311 95.0090839117 84.1066151748 108.342507076 147.934406029 113.282497135 126.719690471 55.1653639059 128.647495042 96.7754902929 92.6455342603 101.411431483 112.134089324 100.696016847 51.3205080218 55.3324817876 113.798685434 139.322441723 126.995137839 118.985093884 60.721949452 106.05466717 122.095800663 101.20289311 114.737378851 84.6928593666 98.253196996 53.4634842281 57.8842117835 129.41828427 93.9270015872 141.68042583 138.226703257
103.238928088 70.2935114634 50.5530920301 75.0164134374 74.0653522636 0.0 86.8215831811 140.090293149 120.295696888 80.2424779097 83.4877237451 53.9412063587 80.6501324125 50.9230692781 110.120759753 107.890685179 131.858928611 101.047129973 53.1174849717 74.0287837228 143.510991176 145.28890491 63.5571004041 121.136490981 148.608562191 55.7014088216 74.0487982863 130.249281973 139.478237029 101.010323135 58.7585239689 101.716873131 101.910001239 113.376489844 82.6776859615 51.5036866455 86.4229459884 52.1257075448 80.7260009369 141.024990611 51.592471543 135.132416145 98.5681562116 65.0503806334 78.0138446761 96.8692887742 76.9847029266 84.2906617575 63.6106394334 128.107822186
108.539501636 65.3980760828 135.499310457 72.45299046 100.720432051 86.8215831811 0.0 67.7428066499 60.154951059 143.863578509 101.690687416 122.260539154 149.553284968 79.5131669387 70.5402596104 87.9235547575 117.2505285 57.6332197304 76.3006034975 132.033953613 51.7084636435 64.7491750346 105.73519251 122.868168804 118.383493151 83.7680350602 146.203251117 51.729926881 52.4516371307 120.00076661 54.4241505933 101.845680956 99.9959754036 76.9012816664 58.2243301571 120.758573145 67.3612517185 107.44846099 73.2799490813 75.1797122262 66.9661472761 72.023192299 108.704637441 143.721811135 108.525011132 112.919155637 88.2319410347 69.8899948217 128.108760623 59.3784872553
79.9152697473 67.9501461601 60.8811842411 115.476968309 98.50236153 140.090293149 67.7428066499 0.0 56.8254948223 68.8963518699 145.00964665 123.23639861 138.403140651 146.514156714 85.7114840488 81.4953259774 127.130957604 116.054873652 87.4445258635 78.4259062661 138.290732485 138.720178003 81.41539431 69.6397967275 110.645444184 133.761442373 93.7506805887 143.528975017 116.891738533 78.9896574694 134.344339074 129.754822854 93.048124383 108.293674146 137.768567074 89.877638826 117.863926365 66.7190719175 87.9367613099 149.441820424 131.639768369 74.7590978901 53.1496646177 90.9597709913 87.332244739 106.493899112 79.9196613288 68.1867337484 146.024668479 60.4233347471
118.68225192 100.610935824 70.0701063846 62.6037336782 86.4508411821 120.295696888 60.154951059 56.8254948223 0.0 65.3404385081 56.6955233579 71.0302942298 91.5598920921 144.338293996 90.3127375746 58.3478145481 102.789028883 93.0233473734 128.886856318 145.84749699 134.381840074 95.4714405405 118.339894079 67.5262020484 123.364628093 97.1697799291 67.7648038115 57.3439174874 135.496636121 113.866869267 146.61576942 142.181480629 66.0506329453 91.8841209916 104.384975295 105.066859854 92.5097101947 120.522126051 145.992137387 127.111408009 65.2173240115 138.352779421 86.2411568075 93.0815017554 85.1616368534 84.8132715398 62.0940117805 121.153800218 125.36162858 56.0085984366
124.991933512 61.8076780831 50.7293253817 65.7243282102 105.632275376 80.2424779097 143.863578509 68.8963518699 65.3404385081 0.0 134.478415704 69.0147874238 83.3994586576 61.9705233714 131.41541061 56.9115841539 55.7248056039 138.7927126 91.6927758476 127.450588539 70.4799486246 146.043992414 78.4786948991 131.639794331 93.0291597381 119.53027123 95.2485017635 65.4829366544 89.3144882719 148.547553805 142.061320929 95.2416015005 92.288676743 73.755949369 139.270689867 142.209277263 104.554281295 140.729656119 63.4984869672 144.685280558 134.642596093 58.9227491989 119.177108773 112.687265674 121.010919939 132.375427184 133.727258249 75.7928758731 117.368942833 140.27787201
98.4066058051 78.0138242523 64.2666967067 148.797268652 135.158636578 83.4877237451 101.690687416 145.00964665 56.6955233579 134.478415704 0.0 102.06843337 83.9092340583 85.2293892585 140.787427947 92.4082909408 80.60226795 87.7884016512 69.0610707253 106.594729568 105.287732678 93.4888578847 113.53681036 73.8953507769 57.4170812992 136.607617306 146.999105632 117.622505437 95.6374232374 110.69234904 66.6501813386 126.749319151 144.899097913 93.2492299655 123.607934068 94.9430657541 123.970399712 100.394114589 93.2828733635 75.5037661136 57.709990155 148.450354789 62.9395941162 57.3050808321 67.2802483071 101.074365764 70.5195161801 83.5630895047 107.350988333 82.6736317268
116.775672446 128.030816248 100.458755516 94.4794334249 105.892625466 53.9412063587 122.260539154 123.23639861 71.0302942298 69.0147874238 102.06843337 0.0 125.625530021 110.061312009 87.0487781413 122.016012107 66.5944333464 56.9262827798 66.625636277 89.5117261274 104.029095199 145.901534717 146.732261102 75.4392263773 146.474899688 118.015898007 68.5217145819 79.0830398461 143.70669709 109.835085828 104.51164253 91.2659139044 54.6418306742 109.616354435 133.414495877 50.5556505611 129.182982858 69.0925282205 141.844684397 115.991430402 123.984374142 78.3399764167 91.5780864011 107.839797043 93.9385746806 66.666355066 124.751036145 139.101838756 82.7600160469 99.1478787971
58.2809157632 126.458949362 96.9288548044 112.855034749 85.0460455069 80.6501324125 149.553284968 138.403140651 91.5598920921 83.3994586576 83.9092340583 125.625530021 0.0 115.815598068 123.826495063 124.391528848 91.3812880496 111.316620161 121.060298099 96.69084853 135.637809683 119.525613553 134.254661767 128.519019478 105.779174281 97.2891897963 86.6082465432 103.004610838 84.1328891865 111.410543888 127.068264236 105.232360269 55.8733354058 133.881832925 123.291300167 108.277951334 114.577115112 91.8701314576 66.1290331515 115.650204401 147.674252842 96.3202036977 113.852679375 140.092081596 71.0098627002 117.958064224 140.483034583 124.292798277 110.920045237 117.212614564
103.221304158 128.586457033 68.523660396 89.5467411152 142.18579892 50.9230692781 79.5131669387 146.514156714 144.338293996 61.9705233714 85.2293892585 110.061312009 115.815598068 0.0 55.6000322281 118.610251872 50.7715921907 109.345797813 122.106988546 139.690973005 87.6869471184 129.553691675 65.175355057 139.247198209 104.985327133 125.16645713 58.237879595 148.021157798 96.1179267429 141.533784989 123.809595958 129.325065688 113.947190168 93.9219531501 78.6358951457 129.503444558 79.6221163359 138.453872861 100.545326717 125.178830738 73.425969044 78.2612497111 141.360094898 122.98623047 103.179591475 96.4583603485 106.053308361 66.0761954791 127.945704925 97.4909849059
68.875404345 136.084711453 104.120022382 52.9481738994 69.6080131939 110.120759753 70.5402596104 85.7114840488 90.3127375746 131.41541061 140.787427947 87.0487781413 123.826495063 55.6000322281 0.0 91.5986217483 103.628702389 130.228679345 51.3889113721 59.1305162666 105.124962451 132.592575769 131.675998877 145.652475968 115.212375233 130.170172067 141.95068243 119.186826827 144.741889084 113.554184271 145.486403915 145.208556614 129.775110849 62.9780766975 115.679335065 113.861257279 148.340497161 124.610602104 135.480909519 98.7129036612 51.1947502906 132.814222698 79.8433124789 83.0545551723 67.7717644997 53.6385848512 61.8259420235 110.488422195 85.1324696997 115.993307523
78.4574148059 119.400716672 122.716428237 120.898489667 120.94462188 107.890685179 87.9235547575 81.4953259774 58.3478145481 56.9115841539 92.4082909408 122.016012107 124.391528848 118.610251872 91.5986217483 0.0 137.821968349 139.666896705 56.5155888997 77.085999926 138.678707499 93.2240689561 138.815888178 95.4008226505 56.885721753 66.4920700727 110.588571126 55.0067398453 57.4527253439 64.0006219019 105.751689793 135.242493679 140.602050263 130.566913031 91.7574548526 129.477539048 118.560965962 90.6483819824 145.532387232 143.906564512 79.193561437 68.2019924625 124.869420994 119.957935098 96.8555831116 114.513342133 53.6556397262 121.674003063 76.312653953 136.864315503
65.6259540411 119.274281984 128.884951951 131.975140661 72.1405608651 131.858928611 117.2505285 127.130957604 102.789028883 55.7248056039 80.60226795 66.5944333464 91.3812880496 50.7715921907 103.628702389 137.821968349 0.0 72.7217689616 140.701983683 115.498171327 115.159596787 106.332145402 80.1615843477 107.331826264 147.58115625 72.1122940635 68.5217037271 97.0506401298 127.351767174 55.6666207847 57.1161561503 107.318044247 79.6632726896 54.9641658616 105.734347647 69.3966934589 117.858443166 120.636295703 95.678484438 80.0047757327 126.917773059 103.867966671 111.014725139 108.213633519 70.9645581669 106.208299452 136.003183924 55.6750524572 142.807756402 86.2390003536
131.133666449 57.9346031743 147.283490016 125.636475564 86.2524424311 101.047129973 57.6332197304 116.054873652 93.0233473734 138.7927126 87.7884016512 56.9262827798 111.316620161 109.345797813 130.228679345 139.666896705 72.7217689616 0.0 140.572617549 148.312612557 127.87366024 146.309843155 127.767407312 137.806817883 125.360466014 113.197014621 125.664181378 107.823903337 69.0336407334 128.499827976 140.916578406 127.279865335 146.733008022 81.1251598119 96.912154295 97.8970039132 63.5460681372 119.628369912 121.71635962 77.7006606914 110.027818214 103.294443855 85.4449381352 113.846465871 125.817415732 146.960274213 120.084812179 74.5497927796 51.5755159972 96.2224028989
132.175698939 149.045879844 102.737793033 87.196463932 95.0090839117 53.1174849717 76.3006034975 87.4445258635 128.886856318 91.6927758476 69.0610707253 66.625636277 121.060298099 122.106988546 51.3889113721 56.5155888997 140.701983683 140.572617549 0.0 99.9948846025 55.5155743991 112.426701579 112.825356185 144.494254701 51.8349789939 86.0170891792 139.8971301 70.7255192248 77.6052197809 131.592344023 123.171540095 77.3161212843 63.6718502393 129.81020266 112.529627971 138.727488942 83.72544268 64.2543306088 76.3110164253 130.921315517 140.712866184 115.89380456 95.6156327638 55.0084938369 113.685770443 112.627559446 72.1131498733 124.167326284 84.5742813764 142.927048019
53.6885380099 69.9057036706 51.9707611886 107.418169248 84.1066151748 74.0287837228 132.033953613 78.4259062661 145.84749699 127.450588539 106.594729568 89.5117261274 96.69084853 139.690973005 59.1305162666 77.085999926 115.498171327 148.312612557 99.9948846025 0.0 84.0817174091 85.6874385958 118.405842955 128.15879292 54.5776664128 108.139524831 74.473486695 134.568574177 121.187580422 119.349546063 78.7460130889 101.380896997 142.178845837 101.295911904 73.513055127 87.6927830654 118.536784666 90.2182134722 72.5548110337 146.097874861 136.028176727 108.31977164 85.9357944041 127.92318207 133.335966389 142.649148546 127.065258507 119.787865252 132.276706299 65.6768990551
70.7188629932 109.583441228 127.871727877 73.2888578643 108.342507076 143.510991176 51.7084636435 138.290732485 134.381840074 70.4799486246 105.287732678 104.029095199 135.637809683 87.6869471184 105.124962451 138.678707499 115.159596787 127.87366024 55.5155743991 84.0817174091 0.0 130.587971235 145.785165079 97.1419922992 133.641318367 148.324730152 110.912688156 138.616633707 109.215590806 71.0461276137 126.384282626 65.7322201171 146.252009841 107.304627326 135.458655557 68.8987593067 112.64948076 60.8178247891 93.9043367514 83.1981419631 55.0634264982 145.467369719 139.72976632 74.4682475889 137.547915661 95.1536646482 147.624487863 85.3725182769 131.192078953 112.558937434
56.5917002244 136.494535798 112.422734034 96.0363260599 147.934406029 145.28890491 64.7491750346 138.720178003 95.4714405405 146.043992414 93.4888578847 145.901534717 119.525613553 129.553691675 132.592575769 93.2240689561 106.332145402 146.309843155 112.426701579 85.6874385958 130.587971235 0.0 133.631487174 86.9532532572 70.006954559 76.6926842171 61.0816022374 104.341335725 131.142976006 131.904035213 143.73728604 134.150450642 73.6634457351 94.4466319105 119.067492683 101.238040698 70.2506415684 139.900056974 78.774939876 102.187178359 121.16758457 68.9724356481 80.3174188146 58.1937941185 71.3953578019 66.2405609892 77.1780871182 62.0059806662 60.9818440053 93.0976980481
115.690700747 108.665734363 112.655256418 92.0727317791 113.282497135 63.5571004041 105.73519251 81.41539431 118.339894079 78.4786948991 113.53681036 146.732261102 134.254661767 65.175355057 131.675998877 138.815888178 80.1615843477 127.767407312 112.825356185 118.405842955 145.785165079 133.631487174 0.0 83.5308212441 72.4976136525 139.818013064 148.298740873 50.7731171159 137.553412178 107.984426219 94.7958907513 124.189758273 91.2762671525 80.493808916 105.607026323 50.1890360233 136.515926455 98.2841210317 106.173103686 132.691658873 90.7898696491 91.2934218885 111.261257962 134.417893275 101.519842551 73.2638959371 130.538182267 138.362665361 148.731319825 53.5503074526
113.044262747 106.912872472 121.203317784 131.590476364 126.719690471 121.136490981 122.868168804 69.6397967275 67.5262020484 131.639794331 73.8953507769 75.4392263773 128.519019478 139.247198209 145.652475968 95.4008226505 107.331826264 137.806817883 144.494254701 128.15879292 97.1419922992 86.9532532572 83.5308212441 0.0 117.86766047 119.39668383 60.3725664409 102.319897512 77.6961547892 80.0528117842 120.922982106 104.672932941 131.497697625 60.6590556936 75.5721445177 77.4910738363 60.2496850457 133.904137013 82.7059356491 130.768503198 133.707858764 143.745504498 104.339766412 125.602533498 146.325728523 88.9224771794 75.8981981372 131.472212683 119.611617688 147.54829422
53.2291159597 123.95140195 52.3050126088 119.877851094 55.1653639059 148.608562191 118.383493151 110.645444184 123.364628093 93.0291597381 57.4170812992 146.474899688 105.779174281 104.985327133 115.212375233 56.885721753 147.58115625 125.360466014 51.8349789939 54.5776664128 133.641318367 70.006954559 72.4976136525 117.86766047 0.0 126.972519576 125.252534057 71.6244750637 120.145084052 142.51801321 67.2512621506 101.346328885 78.2741740603 140.893398504 72.2195900214 120.693012454 56.0859947307 139.358547064 141.945020169 144.005422149 91.5710135888 56.2887646735 82.5338835035 57.1173917463 140.994705325 135.51460992 128.037874747 88.7266586327 136.586162404 140.902073923
78.9235978145 90.310900323 82.5115422722 90.8680690327 128.647495042 55.7014088216 83.7680350602 133.761442373 97.1697799291 119.53027123 136.607617306 118.015898007 97.2891897963 125.16645713 130.170172067 66.4920700727 72.1122940635 113.197014621 86.0170891792 108.139524831 148.324730152 76.6926842171 139.818013064 119.39668383 126.972519576 0.0 141.808893644 58.7246249156 86.1903388896 63.5060083255 77.8489000704 93.7794559885 59.2603494333 119.518313021 138.028402321 119.800853501 140.126893585 63.9636730062 89.0086929677 118.844740352 144.856083054 68.4683322955 127.916443588 68.8779354415 53.9589272355 62.5463744801 133.856232234 117.518133446 96.7010601219 50.7579259199
57.9207022167 99.1752789917 88.5031224273 122.679906876 96.7754902929 74.0487982863 146.203251117 93.7506805887 67.7648038115 95.2485017635 146.999105632 68.5217145819 86.6082465432 58.237879595 141.95068243 110.588571126 68.5217037271 125.664181378 139.8971301 74.473486695 110.912688156 61.0816022374 148.298740873 60.3725664409 125.252534057 141.808893644 0.0 128.609197786 59.4531159732 108.947547838 70.6288009687 83.2761728684 91.9070688024 64.5986854329 69.5326424328 80.0337870612 100.151141085 106.4414109 55.2424774455 98.4588134661 132.081466797 114.396644972 75.1758316531 65.96915732 142.57375592 63.9757383238 95.9559218982 91.6296792055 111.063271777 68.6416921496
77.5466566112 94.4694392698 55.0469479933 138.271940019 92.6455342603 130.249281973 51.729926881 143.528975017 57.3439174874 65.4829366544 117.622505437 79.0830398461 103.004610838 148.021157798 119.186826827 55.0067398453 97.0506401298 107.823903337 70.7255192248 134.568574177 138.616633707 104.341335725 50.7731171159 102.319897512 71.6244750637 58.7246249156 128.609197786 0.0 126.544423102 61.5689303815 128.465673025 109.848155131 82.9233638753 84.9437615881 121.939848183 80.6911099763 138.572966048 120.415998308 130.037178161 142.96371471 117.490675115 114.077093163 88.6135618381 57.3791083281 106.61051647 55.7625400435 145.394590868 115.31616946 52.356710129 90.4149934102
118.138143045 147.090101803 84.8219753404 132.598713876 101.411431483 139.478237029 52.4516371307 116.891738533 135.496636121 89.3144882719 95.6374232374 143.70669709 84.1328891865 96.1179267429 144.741889084 57.4527253439 127.351767174 69.0336407334 77.6052197809 121.187580422 109.215590806 131.142976006 137.553412178 77.6961547892 120.145084052 86.1903388896 59.4531159732 126.544423102 0.0 99.4600273806 102.358355176 88.7727072346 134.733947333 92.9081752338 128.237708323 104.927601888 127.042958124 139.901725042 145.734969343 68.1086980988 108.554157648 51.3822306223 108.188689486 50.5253906965 95.0640131177 119.299045197 128.986427763 123.683380036 65.5882216812 138.178448908
51.957184565 105.941571844 61.7288568284 84.0849933315 112.134089324 101.010323135 120.00076661 78.9896574694 113.866869267 148.547553805 110.69234904 109.835085828 111.410543888 141.533784989 113.554184271 64.0006219019 55.6666207847 128.499827976 131.592344023 119.349546063 71.0461276137 131.904035213 107.984426219 80.0528117842 142.51801321 63.5060083255 108.947547838 61.5689303815 99.4600273806 0.0 68.4603224245 121.84778033 127.574303605 62.5218542026 83.3223303958 102.97188863 142.774157453 82.1672730893 142.009781155 127.489378707 67.9391059236 81.3185557278 141.310569252 138.529598848 90.0095823927 81.9239978877 82.5247152074 94.6506655911 142.475998609 98.23926425
102.299874465 59.0363326258 59.049357166 129.140904398 100.696016847 58.7585239689 54.4241505933 134.344339074 146.61576942 142.061320929 66.6501813386 104.51164253 127.068264236 123.809595958 145.486403915 105.751689793 57.1161561503 140.916578406 123.171540095 78.7460130889 126.384282626 143.73728604 94.7958907513 120.922982106 67.2512621506 77.8489000704 70.6288009687 128.465673025 102.358355176 68.4603224245 0.0 111.471653243 115.682754402 97.5861597542 145.384956885 65.806267094 99.9674577069 68.3115909871 64.4114957316 56.8427035731 67.7740964645 115.674233366 88.5373736003 61.8728250886 98.4757777153 106.099493018 82.4054092258 132.224294766 134.22329378 111.622451351
95.9083738311 130.08583188 141.805956621 69.0822973053 51.3205080218 101.716873131 101.845680956 129.754822854 142.181480629 95.2416015005 126.749319151 91.2659139044 105.232360269 129.325065688 145.208556614 135.242493679 107.318044247 127.279865335 77.3161212843 101.380896997 65.7322201171 134.150450642 124.189758273 104.672932941 101.346328885 93.7794559885 83.2761728684 109.848155131 88.7727072346 121.84778033 111.471653243 0.0 88.442963551 66.6130793198 67.6345858849 115.329747499 115.461099336 98.8248628034 137.303797046 105.433672351 78.1999000465 60.5064269 109.431798171 101.462356483 90.5233824788 135.538078229 90.2538890408 59.5131482161 75.9637097239 124.677374464
93.8194163872 72.9610260489 94.686683065 109.502969725 55.3324817876 101.910001239 99.9959754036 93.048124383 66.0506329453 92.288676743 144.899097913 54.6418306742 55.8733354058 113.947190168 129.775110849 140.602050263 79.6632726896 146.733008022 63.6718502393 142.178845837 146.252009841 73.6634457351 91.2762671525 131.497697625 78.2741740603 59.2603494333 91.9070688024 82.9233638753 134.733947333 127.574303605 115.682754402 88.442963551 0.0 113.512976193 109.2334906 102.366888585 83.7756275439 146.495200097 98.5465021609 114.801702666 108.884846479 77.7459673648 109.341755564 75.927041368 69.6297813341 80.4854888507 134.680047818 73.2978801224 54.264103901 124.44540115
84.9176507265 54.4206768211 103.478696247 55.654687217 113.798685434 113.376489844 76.9012816664 108.293674146 91.8841209916 73.755949369 93.2492299655 109.616354435 133.881832925 93.9219531501 62.9780766975 130.566913031 54.9641658616 81.1251598119 129.81020266 101.295911904 107.304627326 94.4466319105 80.493808916 60.6590556936 140.893398504 119.518313021 64.5986854329 84.9437615881 92.9081752338 62.5218542026 97.5861597542 66.6130793198 113.512976193 0.0 121.21015391 100.489414609 133.169291369 77.4233630617 94.4634181285 121.688957747 101.118029509 62.5936910536 88.6140057652 149.703247498 54.828535138 97.0061549018 107.162222878 80.2005691663 72.7014622258 140.880035663
117.966020904 113.502564469 79.4970128183 144.401671775 139.322441723 82.6776859615 58.2243301571 137.768567074 104.384975295 139.270689867 123.607934068 133.414495877 123.291300167 78.6358951457 115.679335065 91.7574548526 105.734347647 96.912154295 112.529627971 73.513055127 135.458655557 119.067492683 105.607026323 75.5721445177 72.2195900214 138.028402321 69.5326424328 121.939848183 128.237708323 83.3223303958 145.384956885 67.6345858849 109.2334906 121.21015391 0.0 131.192287142 55.2299573691 93.8747606706 122.742585687 72.5039965403 148.905902813 68.158240564 98.1881714261 106.338760116 101.150484358 52.534235623 56.6964992918 122.037978277 54.1405289392 100.277930436
107.609406849 90.3071283051 90.3305196412 137.63137313 126.995137839 51.5036866455 120.758573145 89.877638826 105.066859854 142.209277263 94.9430657541 50.5556505611 108.277951334 129.503444558 113.861257279 129.477539048 69.3966934589 97.8970039132 138.727488942 87.6927830654 68.8987593067 101.238040698 50.1890360233 77.4910738363 120.693012454 119.800853501 80.0337870612 80.6911099763 104.927601888 102.97188863 65.806267094 115.329747499 102.366888585 100.489414609 131.192287142 0.0 64.0883659517 105.217525353 52.5456773916 77.034837236 52.0987271872 84.7315821762 69.0328805678 70.5239952789 97.6004527126 78.3389479695 117.343953803 111.847362901 129.326603729 96.9511448667
80.7468199642 129.417068869 125.256963693 97.0876500457 118.985093884 86.4229459884 67.3612517185 117.863926365 92.5097101947 104.554281295 123.970399712 129.182982858 114.577115112 79.6221163359 148.340497161 118.560965962 117.858443166 63.5460681372 83.72544268 118.536784666 112.64948076 70.2506415684 136.515926455 60.2496850457 56.0859947307 140.126893585 100.151141085 138.572966048 127.042958124 142.774157453 99.9674577069 115.461099336 83.7756275439 133.169291369 55.2299573691 64.0883659517 0.0 56.2486631888 149.932397982 126.656739143 133.610835482 129.091750337 60.4209924603 88.2957253674 70.6973143467 58.6010711959 131.778926804 129.455557746 117.954097156 120.989879335
88.2302181065 121.436124449 83.8874448089 74.9916012626 60.721949452 52.1257075448 107.44846099 66.7190719175 120.522126051 140.729656119 100.394114589 69.0925282205 91.8701314576 138.453872861 124.610602104 90.6483819824 120.636295703 119.628369912 64.2543306088 90.2182134722 60.8178247891 139.900056974 98.2841210317 133.904137013 139.358547064 63.9636730062 106.4414109 120.415998308 139.901725042 82.1672730893 68.3115909871 98.8248628034 146.495200097 77.4233630617 93.8747606706 105.217525353 56.2486631888 0.0 92.7616093578 144.422704192 108.947886493 73.4201609952 78.9180325492 123.548987648 125.049829647 145.745138224 60.7141016117 57.7844237507 92.6595615021 85.5658304787
54.2682025473 107.012695038 67.1245708536 59.1242678962 106.05466717 80.7260009369 73.2799490813 87.9367613099 145.992137387 63.4984869672 93.2828733635 141.844684397 66.1290331515 100.545326717 135.480909519 145.532387232 95.678484438 121.71635962 76.3110164253 72.5548110337 93.9043367514 78.774939876 106.173103686 82.7059356491 141.945020169 89.0086929677 55.2424774455 130.037178161 145.734969343 142.009781155 64.4114957316 137.303797046 98.5465021609 94.4634181285 122.742585687 52.5456773916 149.932397982 92.7616093578 0.0 113.225699842 65.8911763949 60.7067913507 113.076804884 136.379687716 136.399087412 110.59744057 51.0426591608 52.2356661157 94.190069175 97.9810285284
148.221819634 94.901198358 75.6131481127 116.672793493 122.095800663 141.024990611 75.1797122262 149.441820424 127.111408009 144.685280558 75.5037661136 115.991430402 115.650204401 125.178830738 98.7129036612 143.906564512 80.0047757327 77.7006606914 130.921315517 146.097874861 83.1981419631 102.187178359 132.691658873 130.768503198 144.005422149 118.844740352 98.4588134661 142.96371471 68.1086980988 127.489378707 56.8427035731 105.433672351 114.801702666 121.688957747 72.5039965403 77.034837236 126.656739143 144.422704192 113.225699842 0.0 124.636370089 118.189961258 54.3191467747 91.1759300891 137.228318571 116.92569052 117.791045118 148.537061125 96.283082161 147.957638251
128.533494043 139.717900904 142.525218966 147.856407267 101.20289311 51.592471543 66.9661472761 131.639768369 65.2173240115 134.642596093 57.709990155 123.984374142 147.674252842 73.425969044 51.1947502906 79.193561437 126.917773059 110.027818214 140.712866184 136.028176727 55.0634264982 121.16758457 90.7898696491 133.707858764 91.5710135888 144.856083054 132.081466797 117.490675115 108.554157648 67.9391059236 67.7740964645 78.1999000465 108.884846479 101.118029509 148.905902813 52.0987271872 133.610835482 108.947886493 65.8911763949 124.636370089 0.0 119.635405815 79.4879143278 105.188461753 80.8310114634 60.2723070005 140.106183017 122.650443446 136.315889881 120.190393774
138.037822336 143.116841732 81.3969166811 94.6481256451 114.737378851 135.132416145 72.023192299 74.7590978901 138.352779421 58.9227491989 148.450354789 78.3399764167 96.3202036977 78.2612497111 132.814222698 68.2019924625 103.867966671 103.294443855 115.89380456 108.31977164 145.467369719 68.9724356481 91.2934218885 143.745504498 56.2887646735 68.4683322955 114.396644972 114.077093163 51.3822306223 81.3185557278 115.674233366 60.5064269 77.7459673648 62.5936910536 68.158240564 84.7315821762 129.091750337 73.4201609952 60.7067913507 118.189961258 119.635405815 0.0 143.947216415 93.2527271344 96.2637025058 96.4306073552 52.4926987044 103.32027026 95.5011689276 137.821064651
136.974873523 131.143409501 50.1587661286 147.622310117 84.6928593666 98.5681562116 108.704637441 53.1496646177 86.2411568075 119.177108773 62.9395941162 91.5780864011 113.852679375 141.360094898 79.8433124789 124.869420994 111.014725139 85.4449381352 95.6156327638 85.9357944041 139.72976632 80.3174188146 111.261257962 104.339766412 82.5338835035 127.916443588 75.1758316531 88.6135618381 108.188689486 141.310569252 88.5373736003 109.431798171 109.341755564 88.6140057652 98.1881714261 69.0328805678 60.4209924603 78.9180325492 113.076804884 54.3191467747 79.4879143278 143.947216415 0.0 122.566724858 131.475136023 78.071342902 66.6737508841 72.5282411131 56.3656964272 94.6844223381
65.6176905731 104.492616636 136.070284147 117.527991488 98.253196996 65.0503806334 143.721811135 90.9597709913 93.0815017554 112.687265674 57.3050808321 107.839797043 140.092081596 122.98623047 83.0545551723 119.957935098 108.213633519 113.846465871 55.0084938369 127.92318207 74.4682475889 58.1937941185 134.417893275 125.602533498 57.1173917463 68.8779354415 65.96915732 57.3791083281 50.5253906965 138.529598848 61.8728250886 101.462356483 75.927041368 149.703247498 106.338760116 70.5239952789 88.2957253674 123.548987648 136.379687716 91.1759300891 105.188461753 93.2527271344 122.566724858 0.0 86.5534517174 91.3957345945 118.446839474 57.0076611209 110.058990537 109.932255373
76.5829477201 111.725364891 137.70837808 66.4352359532 53.4634842281 78.0138446761 108.525011132 87.332244739 85.1616368534 121.010919939 67.2802483071 93.9385746806 71.0098627002 103.179591475 67.7717644997 96.8555831116 70.9645581669 125.817415732 113.685770443 133.335966389 137.547915661 71.3953578019 101.519842551 146.325728523 140.994705325 53.9589272355 142.57375592 106.61051647 95.0640131177 90.0095823927 98.4757777153 90.5233824788 69.6297813341 54.828535138 101.150484358 97.6004527126 70.6973143467 125.049829647 136.399087412 137.228318571 80.8310114634 96.2637025058 131.475136023 86.5534517174 0.0 101.98380391 53.3600069297 112.106936527 89.3110630961 107.001516969
52.8792188486 84.8238949823 128.857622251 122.287458696 57.8842117835 96.8692887742 112.919155637 106.493899112 84.8132715398 132.375427184 101.074365764 66.666355066 117.958064224 96.4583603485 53.6385848512 114.513342133 106.208299452 146.960274213 112.627559446 142.649148546 95.1536646482 66.2405609892 73.2638959371 88.9224771794 135.51460992 62.5463744801 63.9757383238 55.7625400435 119.299045197 81.9239978877 106.099493018 135.538078229 80.4854888507 97.0061549018 52.534235623 78.3389479695 58.6010711959 145.745138224 110.59744057 116.92569052 60.2723070005 96.4306073552 78.071342902 91.3957345945 101.98380391 0.0 143.65953979 64.0568741294 126.428056082 144.735088592
79.2175142741 53.7717837795 95.8673372291 148.700375621 129.41828427 76.9847029266 88.2319410347 79.9196613288 62.0940117805 133.727258249 70.5195161801 124.751036145 140.483034583 106.053308361 61.8259420235 53.6556397262 136.003183924 120.084812179 72.1131498733 127.065258507 147.624487863 77.1780871182 130.538182267 75.8981981372 128.037874747 133.856232234 95.9559218982 145.394590868 128.986427763 82.5247152074 82.4054092258 90.2538890408 134.680047818 107.162222878 56.6964992918 117.343953803 131.778926804 60.7141016117 51.0426591608 117.791045118 140.106183017 52.4926987044 66.6737508841 118.446839474 53.3600069297 143.65953979 0.0 146.966264151 91.5209762947 94.4877863681
104.117681764 136.71810261 82.5339248494 100.255085717 93.9270015872 84.2906617575 69.8899948217 68.1867337484 121.153800218 75.7928758731 83.5630895047 139.101838756 124.292798277 66.0761954791 110.488422195 121.674003063 55.6750524572 74.5497927796 124.167326284 119.787865252 85.3725182769 62.0059806662 138.362665361 131.472212683 88.7266586327 117.518133446 91.6296792055 115.31616946 123.683380036 94.6506655911 132.224294766 59.5131482161 73.2978801224 80.2005691663 122.037978277 111.847362901 129.455557746 57.7844237507 52.2356661157 148.537061125 122.650443446 103.32027026 72.5282411131 57.0076611209 112.106936527 64.0568741294 146.966264151 0.0 126.859951236 148.804105463
60.3592515098 85.3521048963 123.642325139 127.260677228 141.68042583 63.6106394334 128.108760623 146.024668479 125.36162858 117.368942833 107.350988333 82.7600160469 110.920045237 127.945704925 85.1324696997 76.312653953 142.807756402 51.5755159972 84.5742813764 132.276706299 131.192078953 60.9818440053 148.731319825 119.611617688 136.586162404 96.7010601219 111.063271777 52.356710129 65.5882216812 142.475998609 134.22329378 75.9637097239 54.264103901 72.7014622258 54.1405289392 129.326603729 117.954097156 92.6595615021 94.190069175 96.283082161 136.315889881 95.5011689276 56.3656964272 110.058990537 89.3110630961 126.428056082 91.5209762947 126.859951236 0.0 93.2716316006
128.714060244 99.7592086865 96.1837095741 66.7998943642 138.226703257 128.107822186 59.3784872553 60.4233347471 56.0085984366 140.27787201 82.6736317268 99.1478787971 117.212614564 97.4909849059 115.993307523 136.864315503 86.2390003536 96.2224028989 142.927048019 65.6768990551 112.558937434 93.0976980481 53.5503074526 147.54829422 140.902073923 50.7579259199 68.6416921496 90.4149934102 138.178448908 98.23926425 111.622451351 124.677374464 124.44540115 140.880035663 100.277930436 96.9511448667 120.989879335 85.5658304787 97.9810285284 147.957638251 120.190393774 137.821064651 94.6844223381 109.932255373 107.001516969 144.735088592 94.4877863681 148.804105463 93.2716316006 0.0